active36_out_ligand_01	78.7274	0.130062	10.2394	-8.1
active36_out_ligand_02	79.7248	0.130062	10.3692	-8.1
active36_out_ligand_03	79.5909	0.109821	8.74075	-8.0
active36_out_ligand_04	79.78	0.109821	8.76152	-8.0
active36_out_ligand_05	78.591	0.109821	8.63094	-8.0
active36_out_ligand_06	79.6714	0.0927295	7.38789	-7.9
active36_out_ligand_07	78.0717	0.0927295	7.23955	-7.9
active36_out_ligand_08	96.1584	0.0927295	8.91672	-7.9
active36_out_ligand_09	79.1676	0.0661128	5.23399	-7.7
active36_out_ligand_10	80.187	0.0661128	5.30139	-7.7
