active195_out_ligand_01	95.3218	0.231719	22.0879	-8.4
active195_out_ligand_02	95.7728	0.195657	18.7386	-8.3
active195_out_ligand_03	77.8497	0.0994562	7.74264	-7.9
active195_out_ligand_04	96.1827	0.0994562	9.56597	-7.9
active195_out_ligand_05	77.9712	0.0709087	5.52884	-7.7
active195_out_ligand_06	77.7199	0.0709087	5.51102	-7.7
active195_out_ligand_07	77.3447	0.0709087	5.48441	-7.7
active195_out_ligand_08	79.8592	0.0598734	4.78144	-7.6
active195_out_ligand_09	77.3036	0.0505554	3.90811	-7.5
active195_out_ligand_10	79.2099	0.0505554	4.00449	-7.5
