active74_out_ligand_01	96.1408	0.328104	31.5442	-9.1
active74_out_ligand_02	96.1738	0.328104	31.555	-9.1
active74_out_ligand_03	95.5568	0.100403	9.59419	-8.4
active74_out_ligand_04	76.1831	0.0363875	2.77211	-7.8
active74_out_ligand_05	77.4106	0.0363875	2.81678	-7.8
active74_out_ligand_06	82.1458	0.0363875	2.98908	-7.8
active74_out_ligand_07	95.7956	0.0363875	3.48576	-7.8
active74_out_ligand_08	76.1712	0.0363875	2.77168	-7.8
active74_out_ligand_09	94.1062	0.0307246	2.89138	-7.7
active74_out_ligand_10	95.7889	0.0307246	2.94308	-7.7
