active219_out_ligand_01	80.0204	0.132126	10.5728	-8.5
active219_out_ligand_02	95.6816	0.111564	10.6746	-8.4
active219_out_ligand_03	96.355	0.111564	10.7497	-8.4
active219_out_ligand_04	79.2388	0.0942014	7.46441	-8.3
active219_out_ligand_05	95.7233	0.0942014	9.01726	-8.3
active219_out_ligand_06	78.6777	0.0942014	7.41155	-8.3
active219_out_ligand_07	95.74	0.0942014	9.01884	-8.3
active219_out_ligand_08	79.6095	0.0942014	7.49933	-8.3
active219_out_ligand_09	85.289	0.0942014	8.03434	-8.3
active219_out_ligand_10	78.396	0.079541	6.2357	-8.2
