active61_out_ligand_01	77.7584	0.167183	12.9999	-7.6
active61_out_ligand_02	97.307	0.119195	11.5985	-7.4
active61_out_ligand_03	80.2632	0.100645	8.07809	-7.3
active61_out_ligand_04	79.4653	0.100645	7.99779	-7.3
active61_out_ligand_05	97.6301	0.100645	9.82598	-7.3
active61_out_ligand_06	97.9999	0.084982	8.32823	-7.2
active61_out_ligand_07	79.8115	0.084982	6.78254	-7.2
active61_out_ligand_08	96.1128	0.084982	8.16786	-7.2
active61_out_ligand_09	80.2812	0.084982	6.82246	-7.2
active61_out_ligand_10	88.7454	0.0717565	6.36806	-7.1
