active157_out_ligand_01	95.1028	0.169771	16.1457	-8.1
active157_out_ligand_02	95.0568	0.169771	16.1379	-8.1
active157_out_ligand_03	96.1329	0.12104	11.6359	-7.9
active157_out_ligand_04	96.1307	0.12104	11.6357	-7.9
active157_out_ligand_05	78.408	0.0862975	6.76641	-7.7
active157_out_ligand_06	95.0382	0.0728672	6.92517	-7.6
active157_out_ligand_07	78.4363	0.0728672	5.71543	-7.6
active157_out_ligand_08	94.122	0.0728672	6.8584	-7.6
active157_out_ligand_09	82.9101	0.061527	5.10121	-7.5
active157_out_ligand_10	79.4073	0.0519517	4.12534	-7.4
