active88_out_ligand_01	96.6245	0.2319	22.4072	-8.6
active88_out_ligand_02	95.8315	0.165336	15.8444	-8.4
active88_out_ligand_03	79.4081	0.0995337	7.90378	-8.1
active88_out_ligand_04	79.3145	0.0995337	7.89447	-8.1
active88_out_ligand_05	95.1283	0.070964	6.75068	-7.9
active88_out_ligand_06	79.4565	0.070964	5.63855	-7.9
active88_out_ligand_07	79.842	0.070964	5.66591	-7.9
active88_out_ligand_08	75.2338	0.070964	5.33889	-7.9
active88_out_ligand_09	82.3714	0.05992	4.93569	-7.8
active88_out_ligand_10	95.4647	0.05992	5.72025	-7.8
