active89_out_ligand_01	96.8609	0.418845	40.5697	-8.9
active89_out_ligand_02	96.1896	0.108224	10.41	-8.1
active89_out_ligand_03	95.6947	0.0913815	8.74473	-8.0
active89_out_ligand_04	78.4901	0.07716	6.0563	-7.9
active89_out_ligand_05	77.0856	0.0550123	4.24066	-7.7
active89_out_ligand_06	96.8986	0.0550123	5.33061	-7.7
active89_out_ligand_07	95.7612	0.0550123	5.26804	-7.7
active89_out_ligand_08	81.8839	0.0464509	3.80358	-7.6
active89_out_ligand_09	79.7358	0.0464509	3.7038	-7.6
active89_out_ligand_10	79.4793	0.0464509	3.69189	-7.6
