active6_out_ligand_01	97.358	0.272561	26.536	-8.5
active6_out_ligand_02	97.4167	0.230143	22.4198	-8.4
active6_out_ligand_03	96.5425	0.0987796	9.53643	-7.9
active6_out_ligand_04	97.0739	0.0834067	8.09661	-7.8
active6_out_ligand_05	76.3839	0.0704263	5.37944	-7.7
active6_out_ligand_06	96.019	0.059466	5.70987	-7.6
active6_out_ligand_07	79.6127	0.0502115	3.99747	-7.5
active6_out_ligand_08	81.6098	0.0502115	4.09775	-7.5
active6_out_ligand_09	78.0938	0.0423972	3.31096	-7.4
active6_out_ligand_10	97.4842	0.0423972	4.13306	-7.4
