active141_out_ligand_01	77.6679	0.160052	12.4309	-8.2
active141_out_ligand_02	76.7901	0.114112	8.76267	-8.0
active141_out_ligand_03	95.0872	0.0963526	9.1619	-7.9
active141_out_ligand_04	95.0149	0.0963526	9.15493	-7.9
active141_out_ligand_05	95.1372	0.0963526	9.16672	-7.9
active141_out_ligand_06	76.832	0.0963526	7.40296	-7.9
active141_out_ligand_07	95.7855	0.0963526	9.22919	-7.9
active141_out_ligand_08	83.3107	0.0813575	6.77795	-7.8
active141_out_ligand_09	95.1028	0.0813575	7.73732	-7.8
active141_out_ligand_10	95.8342	0.0813575	7.79683	-7.8
