active54_out_ligand_01	94.8749	0.174111	16.5188	-8.1
active54_out_ligand_02	95.1139	0.174111	16.5604	-8.1
active54_out_ligand_03	95.6027	0.147015	14.055	-8.0
active54_out_ligand_04	95.1018	0.104816	9.9682	-7.8
active54_out_ligand_05	79.6287	0.0885038	7.04744	-7.7
active54_out_ligand_06	94.8322	0.0885038	8.39301	-7.7
active54_out_ligand_07	77.7564	0.0631001	4.90644	-7.5
active54_out_ligand_08	96.1598	0.0532799	5.12338	-7.4
active54_out_ligand_09	79.4945	0.0532799	4.23546	-7.4
active54_out_ligand_10	95.0443	0.0532799	5.06395	-7.4
