active120_out_ligand_01	95.5494	0.257506	24.6046	-8.5
active120_out_ligand_02	95.4805	0.217431	20.7604	-8.4
active120_out_ligand_03	95.8508	0.110524	10.5938	-8.0
active120_out_ligand_04	96.0446	0.0933236	8.96323	-7.9
active120_out_ligand_05	95.4086	0.0665364	6.34815	-7.7
active120_out_ligand_06	95.5649	0.0561815	5.36898	-7.6
active120_out_ligand_07	96.2957	0.0561815	5.41004	-7.6
active120_out_ligand_08	78.6001	0.0474381	3.72864	-7.5
active120_out_ligand_09	80.8395	0.0474381	3.83487	-7.5
active120_out_ligand_10	95.8791	0.0474381	4.54832	-7.5
