active173_out_ligand_01	78.8937	0.144936	11.4345	-7.6
active173_out_ligand_02	78.6249	0.12238	9.62212	-7.5
active173_out_ligand_03	96.6441	0.103334	9.98662	-7.4
active173_out_ligand_04	78.6985	0.103334	8.13223	-7.4
active173_out_ligand_05	78.6107	0.103334	8.12316	-7.4
active173_out_ligand_06	77.4946	0.0872525	6.7616	-7.3
active173_out_ligand_07	77.5551	0.0872525	6.76688	-7.3
active173_out_ligand_08	77.5575	0.0872525	6.76709	-7.3
active173_out_ligand_09	77.8605	0.0872525	6.79352	-7.3
active173_out_ligand_10	96.8168	0.0736736	7.13284	-7.2
