active43_out_ligand_01	88.2917	0.243785	21.5242	-8.4
active43_out_ligand_02	89.8313	0.205846	18.4914	-8.3
active43_out_ligand_03	97.1543	0.0746011	7.24782	-7.7
active43_out_ligand_04	97.1535	0.0746011	7.24776	-7.7
active43_out_ligand_05	94.8534	0.0746011	7.07617	-7.7
active43_out_ligand_06	78.7094	0.0746011	5.87181	-7.7
active43_out_ligand_07	79.8572	0.0629911	5.03029	-7.6
active43_out_ligand_08	88.2965	0.0629911	5.56189	-7.6
active43_out_ligand_09	79.1495	0.0629911	4.98571	-7.6
active43_out_ligand_10	96.49	0.0629911	6.07801	-7.6
