active222_out_ligand_01	98.1913	0.15924	15.636	-7.4
active222_out_ligand_02	77.335	0.113533	8.78007	-7.2
active222_out_ligand_03	78.0281	0.113533	8.85876	-7.2
active222_out_ligand_04	96.7072	0.0958638	9.27072	-7.1
active222_out_ligand_05	77.1072	0.0958638	7.39179	-7.1
active222_out_ligand_06	97.9836	0.0958638	9.39309	-7.1
active222_out_ligand_07	89.2193	0.0958638	8.5529	-7.1
active222_out_ligand_08	98.4709	0.0809447	7.97069	-7.0
active222_out_ligand_09	88.6855	0.0809447	7.17862	-7.0
active222_out_ligand_10	77.7242	0.0683475	5.31225	-6.9
