active31_out_ligand_01	97.3691	0.307961	29.9859	-8.3
active31_out_ligand_02	97.3115	0.260034	25.3043	-8.2
active31_out_ligand_03	79.3609	0.0671895	5.33222	-7.4
active31_out_ligand_04	96.875	0.0671895	6.50898	-7.4
active31_out_ligand_05	76.7566	0.0567329	4.35462	-7.3
active31_out_ligand_06	80.2738	0.0567329	4.55417	-7.3
active31_out_ligand_07	77.3699	0.0479037	3.7063	-7.2
active31_out_ligand_08	78.2343	0.0479037	3.74771	-7.2
active31_out_ligand_09	79.8873	0.0479037	3.8269	-7.2
active31_out_ligand_10	77.7361	0.0404486	3.14432	-7.1
