active149_out_ligand_01	95.8397	0.263406	25.2448	-8.4
active149_out_ligand_02	96.3498	0.133894	12.9007	-8.0
active149_out_ligand_03	95.7084	0.113056	10.8204	-7.9
active149_out_ligand_04	95.5951	0.113056	10.8076	-7.9
active149_out_ligand_05	79.9055	0.0680607	5.43842	-7.6
active149_out_ligand_06	95.8033	0.0680607	6.52044	-7.6
active149_out_ligand_07	96.4535	0.0680607	6.56469	-7.6
active149_out_ligand_08	95.893	0.0574686	5.51084	-7.5
active149_out_ligand_09	78.9314	0.0574686	4.53608	-7.5
active149_out_ligand_10	83.5427	0.0574686	4.80108	-7.5
