active103_out_ligand_01	89.8696	0.205553	18.473	-8.5
active103_out_ligand_02	81.0959	0.146552	11.8848	-8.3
active103_out_ligand_03	77.1211	0.104486	8.05808	-8.1
active103_out_ligand_04	97.0219	0.0882252	8.55978	-8.0
active103_out_ligand_05	81.0163	0.0882252	7.14768	-8.0
active103_out_ligand_06	77.5641	0.0882252	6.84311	-8.0
active103_out_ligand_07	84.9466	0.0882252	7.49443	-8.0
active103_out_ligand_08	77.3681	0.0744949	5.76353	-7.9
active103_out_ligand_09	77.6244	0.0629014	4.88268	-7.8
active103_out_ligand_10	89.4564	0.0531122	4.75123	-7.7
