active8_out_ligand_01	95.2868	0.197882	18.8555	-8.4
active8_out_ligand_02	93.748	0.119127	11.1679	-8.1
active8_out_ligand_03	79.7815	0.119127	9.50413	-8.1
active8_out_ligand_04	93.8067	0.100587	9.43573	-8.0
active8_out_ligand_05	93.8583	0.100587	9.44092	-8.0
active8_out_ligand_06	93.9101	0.084933	7.97606	-7.9
active8_out_ligand_07	93.7205	0.084933	7.95996	-7.9
active8_out_ligand_08	79.6669	0.0717151	5.71332	-7.8
active8_out_ligand_09	80.0072	0.0605542	4.84477	-7.7
active8_out_ligand_10	94.6935	0.0605542	5.73409	-7.7
