active79_out_ligand_01	88.77	0.225438	20.0121	-8.1
active79_out_ligand_02	89.9288	0.160729	14.4542	-7.9
active79_out_ligand_03	80.1663	0.135716	10.8798	-7.8
active79_out_ligand_04	95.9515	0.0967603	9.2843	-7.6
active79_out_ligand_05	95.2938	0.0817017	7.78567	-7.5
active79_out_ligand_06	79.8192	0.0817017	6.52136	-7.5
active79_out_ligand_07	97.6577	0.0689867	6.73708	-7.4
active79_out_ligand_08	79.1954	0.0582504	4.61316	-7.3
active79_out_ligand_09	78.4583	0.049185	3.85897	-7.2
active79_out_ligand_10	79.8671	0.0415305	3.31692	-7.1
