active238_out_ligand_01	95.361	0.241701	23.0489	-9.4
active238_out_ligand_02	95.2625	0.172324	16.416	-9.2
active238_out_ligand_03	78.9335	0.122861	9.69785	-9.0
active238_out_ligand_04	78.4983	0.0875956	6.87611	-8.8
active238_out_ligand_05	78.3584	0.0875956	6.86385	-8.8
active238_out_ligand_06	82.1022	0.0739633	6.07255	-8.7
active238_out_ligand_07	82.1295	0.0624525	5.12919	-8.6
active238_out_ligand_08	79.1186	0.0624525	4.94115	-8.6
active238_out_ligand_09	78.2961	0.0445264	3.48624	-8.4
active238_out_ligand_10	78.0653	0.0445264	3.47597	-8.4
