active98_out_ligand_01	95.4694	0.163589	15.6177	-8.2
active98_out_ligand_02	95.8132	0.13813	13.2347	-8.1
active98_out_ligand_03	87.0529	0.0984819	8.57313	-7.9
active98_out_ligand_04	77.0996	0.0984819	7.59292	-7.9
active98_out_ligand_05	77.0721	0.0984819	7.59021	-7.9
active98_out_ligand_06	77.459	0.0831553	6.44113	-7.8
active98_out_ligand_07	79.7335	0.0831553	6.63026	-7.8
active98_out_ligand_08	79.6603	0.0831553	6.62418	-7.8
active98_out_ligand_09	76.5441	0.0831553	6.36505	-7.8
active98_out_ligand_10	77.8822	0.0702141	5.46843	-7.7
