active1_out_ligand_01	90.3617	0.216525	19.5656	-7.9
active1_out_ligand_02	84.9135	0.110063	9.34583	-7.5
active1_out_ligand_03	89.4338	0.0929345	8.31149	-7.4
active1_out_ligand_04	97.2522	0.0929345	9.03808	-7.4
active1_out_ligand_05	88.8894	0.0929345	8.26089	-7.4
active1_out_ligand_06	81.4801	0.0929345	7.57231	-7.4
active1_out_ligand_07	80.0634	0.0784713	6.28268	-7.3
active1_out_ligand_08	80.3469	0.0784713	6.30493	-7.3
active1_out_ligand_09	79.6183	0.0784713	6.24775	-7.3
active1_out_ligand_10	79.973	0.066259	5.29893	-7.2
