active174_out_ligand_01	95.6324	0.172946	16.5392	-8.8
active174_out_ligand_02	78.781	0.146031	11.5045	-8.7
active174_out_ligand_03	78.7868	0.146031	11.5053	-8.7
active174_out_ligand_04	78.4421	0.123305	9.6723	-8.6
active174_out_ligand_05	78.496	0.104115	8.17261	-8.5
active174_out_ligand_06	95.6863	0.104115	9.96238	-8.5
active174_out_ligand_07	78.9238	0.0529236	4.17693	-8.1
active174_out_ligand_08	77.742	0.0529236	4.11439	-8.1
active174_out_ligand_09	77.7244	0.0529236	4.11346	-8.1
active174_out_ligand_10	77.2504	0.0446872	3.4521	-8.0
