active108_out_ligand_01	96.7236	0.161521	15.6229	-7.9
active108_out_ligand_02	96.1675	0.136384	13.1157	-7.8
active108_out_ligand_03	96.4457	0.115159	11.1066	-7.7
active108_out_ligand_04	95.9852	0.115159	11.0536	-7.7
active108_out_ligand_05	96.9581	0.0972367	9.42789	-7.6
active108_out_ligand_06	79.3364	0.0972367	7.71441	-7.6
active108_out_ligand_07	87.8215	0.0693263	6.08834	-7.4
active108_out_ligand_08	77.6498	0.0693263	5.38317	-7.4
active108_out_ligand_09	79.3715	0.0693263	5.50253	-7.4
active108_out_ligand_10	93.2959	0.0693263	6.46786	-7.4
