active56_out_ligand_01	77.3807	0.170621	13.2028	-8.5
active56_out_ligand_02	84.6391	0.144067	12.1937	-8.4
active56_out_ligand_03	77.2479	0.102715	7.93452	-8.2
active56_out_ligand_04	89.983	0.102715	9.2426	-8.2
active56_out_ligand_05	81.1675	0.0867296	7.03962	-8.1
active56_out_ligand_06	75.896	0.0867296	6.58243	-8.1
active56_out_ligand_07	97.2675	0.0867296	8.43597	-8.1
active56_out_ligand_08	78.4085	0.073232	5.74201	-8.0
active56_out_ligand_09	77.0203	0.073232	5.64035	-8.0
active56_out_ligand_10	80.8	0.073232	5.91715	-8.0
