active276_out_ligand_01	77.3933	0.14581	11.2847	-8.0
active276_out_ligand_02	96.5673	0.123118	11.8892	-7.9
active276_out_ligand_03	79.6728	0.123118	9.80916	-7.9
active276_out_ligand_04	78.4561	0.103958	8.15614	-7.8
active276_out_ligand_05	78.9661	0.103958	8.20916	-7.8
active276_out_ligand_06	77.8465	0.0877788	6.83327	-7.7
active276_out_ligand_07	77.6817	0.0877788	6.81881	-7.7
active276_out_ligand_08	93.9101	0.0877788	8.24332	-7.7
active276_out_ligand_09	79.6081	0.074118	5.90039	-7.6
active276_out_ligand_10	84.8471	0.0625832	5.31	-7.5
