active279_out_ligand_01	97.853	0.121478	11.887	-7.8
active279_out_ligand_02	89.8634	0.121478	10.9164	-7.8
active279_out_ligand_03	77.563	0.121478	9.4222	-7.8
active279_out_ligand_04	97.683	0.121478	11.8663	-7.8
active279_out_ligand_05	96.7739	0.121478	11.7559	-7.8
active279_out_ligand_06	95.9262	0.0866093	8.30811	-7.6
active279_out_ligand_07	97.2289	0.0866093	8.42093	-7.6
active279_out_ligand_08	97.1759	0.0731305	7.10653	-7.5
active279_out_ligand_09	96.9738	0.0731305	7.09174	-7.5
active279_out_ligand_10	96.2001	0.0731305	7.03516	-7.5
