active45_out_ligand_01	96.5356	0.206577	19.942	-7.8
active45_out_ligand_02	94.3155	0.124361	11.7292	-7.5
active45_out_ligand_03	96.2988	0.124361	11.9758	-7.5
active45_out_ligand_04	96.1348	0.105007	10.0948	-7.4
active45_out_ligand_05	96.3877	0.088665	8.54622	-7.3
active45_out_ligand_06	78.6569	0.0748663	5.88875	-7.2
active45_out_ligand_07	78.094	0.0748663	5.84661	-7.2
active45_out_ligand_08	78.8603	0.0748663	5.90398	-7.2
active45_out_ligand_09	78.757	0.063215	4.97862	-7.1
active45_out_ligand_10	80.9503	0.063215	5.11727	-7.1
