active284_out_ligand_01	95.338	0.144507	13.777	-7.4
active284_out_ligand_02	96.4956	0.122018	11.7742	-7.3
active284_out_ligand_03	96.4263	0.122018	11.7657	-7.3
active284_out_ligand_04	95.8464	0.103028	9.87486	-7.2
active284_out_ligand_05	96.3528	0.0869944	8.38216	-7.1
active284_out_ligand_06	78.9007	0.0869944	6.86392	-7.1
active284_out_ligand_07	85.0098	0.0869944	7.39538	-7.1
active284_out_ligand_08	95.1778	0.0869944	8.27994	-7.1
active284_out_ligand_09	77.8938	0.0869944	6.77632	-7.1
active284_out_ligand_10	79.1429	0.0734556	5.81349	-7.0
