active106_out_ligand_01	97.7709	0.248501	24.2962	-8.3
active106_out_ligand_02	97.3084	0.177172	17.2403	-8.1
active106_out_ligand_03	97.1251	0.149599	14.5298	-8.0
active106_out_ligand_04	79.5467	0.0760441	6.04906	-7.6
active106_out_ligand_05	96.3635	0.0760441	7.32788	-7.6
active106_out_ligand_06	96.1868	0.0642095	6.1761	-7.5
active106_out_ligand_07	95.7808	0.0542167	5.19292	-7.4
active106_out_ligand_08	96.4449	0.0542167	5.22892	-7.4
active106_out_ligand_09	96.1683	0.0542167	5.21393	-7.4
active106_out_ligand_10	88.2791	0.0457791	4.04134	-7.3
