active115_out_ligand_01	96.762	0.154484	14.9482	-7.4
active115_out_ligand_02	96.0426	0.154484	14.837	-7.4
active115_out_ligand_03	96.7544	0.110142	10.6567	-7.2
active115_out_ligand_04	96.1256	0.0930006	8.93974	-7.1
active115_out_ligand_05	78.4345	0.0930006	7.29446	-7.1
active115_out_ligand_06	81.3207	0.0930006	7.56287	-7.1
active115_out_ligand_07	78.7345	0.0785271	6.18279	-7.0
active115_out_ligand_08	80.6777	0.0785271	6.33539	-7.0
active115_out_ligand_09	85.6305	0.0785271	6.72431	-7.0
active115_out_ligand_10	85.603	0.0663061	5.676	-6.9
