active114_out_ligand_01	96.371	0.127763	12.3127	-7.4
active114_out_ligand_02	79.719	0.127763	10.1851	-7.4
active114_out_ligand_03	78.3113	0.127763	10.0053	-7.4
active114_out_ligand_04	96.8804	0.107879	10.4514	-7.3
active114_out_ligand_05	79.1119	0.107879	8.53451	-7.3
active114_out_ligand_06	83.4785	0.0910903	7.60408	-7.2
active114_out_ligand_07	80.9176	0.0910903	7.37081	-7.2
active114_out_ligand_08	79.4702	0.0769141	6.11238	-7.1
active114_out_ligand_09	77.2248	0.0769141	5.93968	-7.1
active114_out_ligand_10	94.2934	0.0649441	6.1238	-7.0
