active216_out_ligand_01	76.8487	0.22772	17.5	-7.8
active216_out_ligand_02	97.7698	0.162356	15.8735	-7.6
active216_out_ligand_03	88.1379	0.115754	10.2023	-7.4
active216_out_ligand_04	97.0212	0.115754	11.2306	-7.4
active216_out_ligand_05	96.9412	0.0825286	8.00042	-7.2
active216_out_ligand_06	96.9503	0.0696848	6.75596	-7.1
active216_out_ligand_07	96.9469	0.0588399	5.70434	-7.0
active216_out_ligand_08	78.7572	0.0588399	4.63407	-7.0
active216_out_ligand_09	97.4792	0.0588399	5.73566	-7.0
active216_out_ligand_10	78.8861	0.0496828	3.91928	-6.9
