active59_out_ligand_01	95.3567	0.173756	16.5688	-9.2
active59_out_ligand_02	95.7396	0.146715	14.0464	-9.1
active59_out_ligand_03	94.7303	0.146715	13.8984	-9.1
active59_out_ligand_04	95.1974	0.123882	11.7932	-9.0
active59_out_ligand_05	77.3485	0.0883235	6.83169	-8.8
active59_out_ligand_06	77.0596	0.0883235	6.80617	-8.8
active59_out_ligand_07	77.79	0.0629715	4.89855	-8.6
active59_out_ligand_08	94.2805	0.0629715	5.93698	-8.6
active59_out_ligand_09	78.2121	0.0531714	4.15865	-8.5
active59_out_ligand_10	94.5747	0.0531714	5.02867	-8.5
