active257_out_ligand_01	96.9814	0.297734	28.8746	-8.5
active257_out_ligand_02	95.9764	0.12779	12.2648	-8.0
active257_out_ligand_03	96.3078	0.107903	10.3919	-7.9
active257_out_ligand_04	96.6965	0.09111	8.81002	-7.8
active257_out_ligand_05	96.1141	0.09111	8.75696	-7.8
active257_out_ligand_06	94.5322	0.0649582	6.14064	-7.6
active257_out_ligand_07	95.4913	0.0548489	5.23759	-7.5
active257_out_ligand_08	76.7547	0.0548489	4.20991	-7.5
active257_out_ligand_09	79.8162	0.0548489	4.37783	-7.5
active257_out_ligand_10	81.672	0.0548489	4.47962	-7.5
