active65_out_ligand_01	79.6096	0.182145	14.5005	-8.1
active65_out_ligand_02	88.3864	0.153798	13.5937	-8.0
active65_out_ligand_03	80.5911	0.129863	10.4658	-7.9
active65_out_ligand_04	79.6154	0.109653	8.73007	-7.8
active65_out_ligand_05	96.5865	0.0925878	8.94273	-7.7
active65_out_ligand_06	76.9668	0.0781786	6.01716	-7.6
active65_out_ligand_07	97.2982	0.0660118	6.42283	-7.5
active65_out_ligand_08	78.1326	0.0660118	5.15767	-7.5
active65_out_ligand_09	79.5934	0.0660118	5.2541	-7.5
active65_out_ligand_10	78.9814	0.0557385	4.4023	-7.4
