active48_out_ligand_01	77.4759	0.227027	17.5891	-8.6
active48_out_ligand_02	77.188	0.191695	14.7966	-8.5
active48_out_ligand_03	77.3731	0.0974422	7.53941	-8.1
active48_out_ligand_04	89.3571	0.0974422	8.70715	-8.1
active48_out_ligand_05	84.6704	0.0822775	6.96647	-8.0
active48_out_ligand_06	80.6514	0.0694728	5.60308	-7.9
active48_out_ligand_07	97.3691	0.0586609	5.71176	-7.8
active48_out_ligand_08	76.9743	0.0586609	4.51538	-7.8
active48_out_ligand_09	97.3498	0.0586609	5.71063	-7.8
active48_out_ligand_10	80.2203	0.0586609	4.70579	-7.8
