active282_out_ligand_01	96.9292	0.418413	40.5565	-8.8
active282_out_ligand_02	96.3176	0.108113	10.4132	-8.0
active282_out_ligand_03	95.6669	0.0770804	7.37405	-7.8
active282_out_ligand_04	78.3615	0.0650846	5.10013	-7.7
active282_out_ligand_05	96.9065	0.0650846	6.30712	-7.7
active282_out_ligand_06	77.0626	0.0549556	4.23502	-7.6
active282_out_ligand_07	79.3416	0.0549556	4.36027	-7.6
active282_out_ligand_08	96.4892	0.0549556	5.30262	-7.6
active282_out_ligand_09	96.9038	0.0549556	5.32541	-7.6
active282_out_ligand_10	95.7256	0.046403	4.44195	-7.5
