active191_out_ligand_01	96.3473	0.168929	16.2759	-7.8
active191_out_ligand_02	94.5349	0.120441	11.3859	-7.6
active191_out_ligand_03	94.4806	0.120441	11.3793	-7.6
active191_out_ligand_04	96.1055	0.101697	9.77364	-7.5
active191_out_ligand_05	78.8307	0.0858698	6.76918	-7.4
active191_out_ligand_06	78.7581	0.0858698	6.76294	-7.4
active191_out_ligand_07	95.8287	0.0858698	8.22879	-7.4
active191_out_ligand_08	96.4099	0.0858698	8.2787	-7.4
active191_out_ligand_09	78.5149	0.0725061	5.69281	-7.3
active191_out_ligand_10	80.8129	0.0725061	5.85943	-7.3
