active138_out_ligand_01	89.5691	0.187267	16.7733	-7.9
active138_out_ligand_02	77.1655	0.158123	12.2016	-7.8
active138_out_ligand_03	88.588	0.112736	9.98706	-7.6
active138_out_ligand_04	90.4471	0.0951913	8.60978	-7.5
active138_out_ligand_05	77.211	0.0803769	6.20598	-7.4
active138_out_ligand_06	88.5337	0.0803769	7.11606	-7.4
active138_out_ligand_07	84.8693	0.0803769	6.82153	-7.4
active138_out_ligand_08	87.6018	0.0803769	7.04116	-7.4
active138_out_ligand_09	89.0619	0.067868	6.04445	-7.3
active138_out_ligand_10	77.728	0.0573059	4.45427	-7.2
