active17_out_ligand_01	96.6752	0.173718	16.7942	-7.5
active17_out_ligand_02	88.7423	0.123855	10.9912	-7.3
active17_out_ligand_03	96.7894	0.104579	10.1221	-7.2
active17_out_ligand_04	79.9026	0.104579	8.35613	-7.2
active17_out_ligand_05	96.6812	0.104579	10.1108	-7.2
active17_out_ligand_06	78.722	0.088304	6.95147	-7.1
active17_out_ligand_07	96.1949	0.088304	8.49439	-7.1
active17_out_ligand_08	95.9391	0.0745615	7.15337	-7.0
active17_out_ligand_09	84.7742	0.0745615	6.32089	-7.0
active17_out_ligand_10	78.5286	0.0629576	4.94397	-6.9
