active292_out_ligand_01	97.897	0.149471	14.6328	-7.6
active292_out_ligand_02	98.4027	0.149471	14.7083	-7.6
active292_out_ligand_03	98.0329	0.149471	14.6531	-7.6
active292_out_ligand_04	97.6098	0.106567	10.402	-7.4
active292_out_ligand_05	77.2282	0.106567	8.22998	-7.4
active292_out_ligand_06	97.9413	0.0899824	8.813	-7.3
active292_out_ligand_07	78.7019	0.0759786	5.97966	-7.2
active292_out_ligand_08	79.8863	0.0641542	5.12504	-7.1
active292_out_ligand_09	97.6508	0.05417	5.28974	-7.0
active292_out_ligand_10	77.5095	0.05417	4.19869	-7.0
