active244_out_ligand_01	79.6308	0.220031	17.5212	-8.0
active244_out_ligand_02	88.14	0.13246	11.675	-7.7
active244_out_ligand_03	96.1082	0.111846	10.7493	-7.6
active244_out_ligand_04	76.1309	0.0944395	7.18976	-7.5
active244_out_ligand_05	79.0878	0.0797421	6.30663	-7.4
active244_out_ligand_06	97.263	0.0797421	7.75595	-7.4
active244_out_ligand_07	75.4463	0.0797421	6.01625	-7.4
active244_out_ligand_08	80.4788	0.067332	5.4188	-7.3
active244_out_ligand_09	79.3222	0.067332	5.34092	-7.3
active244_out_ligand_10	76.8514	0.067332	5.17456	-7.3
