active250_out_ligand_01	96.1415	0.268333	25.7979	-8.5
active250_out_ligand_02	96.1843	0.161539	15.5375	-8.2
active250_out_ligand_03	96.2314	0.161539	15.5451	-8.2
active250_out_ligand_04	96.1995	0.115171	11.0794	-8.0
active250_out_ligand_05	96.1568	0.069334	6.66694	-7.7
active250_out_ligand_06	78.255	0.0494327	3.86836	-7.5
active250_out_ligand_07	82.6024	0.0494327	4.08326	-7.5
active250_out_ligand_08	77.1825	0.0417396	3.22157	-7.4
active250_out_ligand_09	78.4391	0.0417396	3.27402	-7.4
active250_out_ligand_10	79.068	0.0417396	3.30027	-7.4
