active267_out_ligand_01	78.6198	0.170791	13.4276	-8.4
active267_out_ligand_02	79.5096	0.121768	9.68172	-8.2
active267_out_ligand_03	79.4827	0.121768	9.67845	-8.2
active267_out_ligand_04	79.7775	0.102818	8.20256	-8.1
active267_out_ligand_05	79.5011	0.102818	8.17414	-8.1
active267_out_ligand_06	79.0826	0.0868164	6.86567	-8.0
active267_out_ligand_07	79.5152	0.0733053	5.82889	-7.9
active267_out_ligand_08	80.2257	0.0733053	5.88097	-7.9
active267_out_ligand_09	77.7636	0.0733053	5.70048	-7.9
active267_out_ligand_10	95.7096	0.0733053	7.01602	-7.9
