active11_out_ligand_01	76.3886	0.139986	10.6933	-5.0
active11_out_ligand_02	76.4562	0.139986	10.7028	-5.0
active11_out_ligand_03	98.621	0.139986	13.8056	-5.0
active11_out_ligand_04	98.3321	0.139986	13.7651	-5.0
active11_out_ligand_05	85.3262	0.0842724	7.19064	-4.7
active11_out_ligand_06	86.5725	0.0711573	6.16027	-4.6
active11_out_ligand_07	98.7858	0.0711573	7.02933	-4.6
active11_out_ligand_08	77.2456	0.0711573	5.49659	-4.6
active11_out_ligand_09	76.406	0.0711573	5.43684	-4.6
active11_out_ligand_10	77.8715	0.0711573	5.54113	-4.6
