active269_out_ligand_01	96.5717	0.280409	27.0796	-8.1
active269_out_ligand_02	88.0175	0.142537	12.5458	-7.7
active269_out_ligand_03	96.959	0.101624	9.85336	-7.5
active269_out_ligand_04	77.289	0.0858083	6.63204	-7.4
active269_out_ligand_05	79.0664	0.0724542	5.72869	-7.3
active269_out_ligand_06	96.6806	0.0724542	7.00492	-7.3
active269_out_ligand_07	95.8454	0.0611783	5.86366	-7.2
active269_out_ligand_08	77.9578	0.0611783	4.76933	-7.2
active269_out_ligand_09	95.0604	0.0611783	5.81563	-7.2
active269_out_ligand_10	96.627	0.0611783	5.91148	-7.2
