active162_out_ligand_01	79.5543	0.144936	11.5303	-7.3
active162_out_ligand_02	75.7372	0.12238	9.26872	-7.2
active162_out_ligand_03	84.2854	0.103334	8.70955	-7.1
active162_out_ligand_04	76.7742	0.103334	7.93339	-7.1
active162_out_ligand_05	75.0958	0.103334	7.75995	-7.1
active162_out_ligand_06	95.4811	0.0872523	8.33095	-7.0
active162_out_ligand_07	78.379	0.0872523	6.83875	-7.0
active162_out_ligand_08	86.6793	0.0872523	7.56297	-7.0
active162_out_ligand_09	88.4571	0.0872523	7.71809	-7.0
active162_out_ligand_10	84.1275	0.0736735	6.19797	-6.9
