active158_out_ligand_01	95.7937	0.160599	15.3844	-7.7
active158_out_ligand_02	86.0927	0.135605	11.6746	-7.6
active158_out_ligand_03	95.3505	0.135605	12.93	-7.6
active158_out_ligand_04	79.121	0.135605	10.7292	-7.6
active158_out_ligand_05	95.2348	0.0966817	9.20746	-7.4
active158_out_ligand_06	95.4837	0.0816354	7.79485	-7.3
active158_out_ligand_07	80.0013	0.0689306	5.51454	-7.2
active158_out_ligand_08	77.051	0.0689306	5.31117	-7.2
active158_out_ligand_09	95.145	0.0582031	5.53773	-7.1
active158_out_ligand_10	95.0713	0.0582031	5.53345	-7.1
