active128_out_ligand_01	95.4593	0.353288	33.7246	-9.0
active128_out_ligand_02	95.4946	0.10811	10.3239	-8.3
active128_out_ligand_03	79.9227	0.0912852	7.29576	-8.2
active128_out_ligand_04	79.1877	0.0770786	6.10368	-8.1
active128_out_ligand_05	79.5661	0.0650831	5.17841	-8.0
active128_out_ligand_06	79.0349	0.0650831	5.14384	-8.0
active128_out_ligand_07	76.1552	0.0650831	4.95642	-8.0
active128_out_ligand_08	95.7799	0.0650831	6.23365	-8.0
active128_out_ligand_09	85.0055	0.0549543	4.67142	-7.9
active128_out_ligand_10	80.0957	0.0549543	4.4016	-7.9
