active288_out_ligand_01	78.5741	0.14152	11.1198	-8.4
active288_out_ligand_02	78.6074	0.14152	11.1245	-8.4
active288_out_ligand_03	79.8378	0.119495	9.54022	-8.3
active288_out_ligand_04	79.6986	0.119495	9.52358	-8.3
active288_out_ligand_05	79.724	0.100899	8.04407	-8.2
active288_out_ligand_06	80.3714	0.085196	6.84732	-8.1
active288_out_ligand_07	78.1237	0.085196	6.65583	-8.1
active288_out_ligand_08	78.9903	0.085196	6.72966	-8.1
active288_out_ligand_09	77.861	0.0607417	4.72941	-7.9
active288_out_ligand_10	79.4074	0.0607417	4.82334	-7.9
