active230_out_ligand_01	95.8187	0.194907	18.6757	-7.4
active230_out_ligand_02	95.7614	0.164574	15.7598	-7.3
active230_out_ligand_03	95.6114	0.138962	13.2864	-7.2
active230_out_ligand_04	82.3081	0.0990748	8.15466	-7.0
active230_out_ligand_05	82.1714	0.0990748	8.14112	-7.0
active230_out_ligand_06	77.6043	0.0990748	7.68863	-7.0
active230_out_ligand_07	83.8918	0.0596438	5.00363	-6.7
active230_out_ligand_08	76.436	0.0596438	4.55893	-6.7
active230_out_ligand_09	75.681	0.0425239	3.21825	-6.5
active230_out_ligand_10	76.8601	0.0425239	3.26839	-6.5
