active270_out_ligand_01	95.5571	0.163193	15.5943	-8.0
active270_out_ligand_02	95.4074	0.163193	15.5698	-8.0
active270_out_ligand_03	96.5131	0.137796	13.2991	-7.9
active270_out_ligand_04	95.915	0.116351	11.1598	-7.8
active270_out_ligand_05	77.782	0.0982434	7.64157	-7.7
active270_out_ligand_06	77.7958	0.082954	6.45347	-7.6
active270_out_ligand_07	77.8472	0.0700441	5.45274	-7.5
active270_out_ligand_08	77.6172	0.0591433	4.59054	-7.4
active270_out_ligand_09	79.1443	0.0591433	4.68086	-7.4
active270_out_ligand_10	95.8181	0.0499389	4.78505	-7.3
