active105_out_ligand_01	97.2136	0.166678	16.2034	-7.7
active105_out_ligand_02	97.2233	0.166678	16.205	-7.7
active105_out_ligand_03	97.2961	0.166678	16.2171	-7.7
active105_out_ligand_04	97.3427	0.100342	9.76756	-7.4
active105_out_ligand_05	79.5648	0.0847257	6.74118	-7.3
active105_out_ligand_06	79.5037	0.07154	5.68769	-7.2
active105_out_ligand_07	96.2996	0.07154	6.88928	-7.2
active105_out_ligand_08	96.6552	0.0604064	5.83859	-7.1
active105_out_ligand_09	96.275	0.0604064	5.81563	-7.1
active105_out_ligand_10	80.0022	0.0510055	4.08055	-7.0
