active126_out_ligand_01	89.7466	0.191868	17.2195	-8.5
active126_out_ligand_02	89.752	0.191868	17.2205	-8.5
active126_out_ligand_03	95.2748	0.0975302	9.29217	-8.1
active126_out_ligand_04	95.2273	0.0975302	9.28754	-8.1
active126_out_ligand_05	77.2947	0.0823518	6.36536	-8.0
active126_out_ligand_06	77.261	0.0823518	6.36258	-8.0
active126_out_ligand_07	76.9819	0.0695356	5.35298	-7.9
active126_out_ligand_08	76.9999	0.0695356	5.35423	-7.9
active126_out_ligand_09	78.9296	0.0587139	4.63426	-7.8
active126_out_ligand_10	78.9849	0.0587139	4.63751	-7.8
