active75_out_ligand_01	97.1089	0.285201	27.6956	-9.0
active75_out_ligand_02	96.6663	0.122411	11.833	-8.5
active75_out_ligand_03	96.3765	0.122411	11.7975	-8.5
active75_out_ligand_04	96.2662	0.0736925	7.0941	-8.2
active75_out_ligand_05	94.6895	0.0736925	6.97791	-8.2
active75_out_ligand_06	95.0041	0.0736925	7.00109	-8.2
active75_out_ligand_07	79.5835	0.0622239	4.952	-8.1
active75_out_ligand_08	95.9351	0.0622239	5.96946	-8.1
active75_out_ligand_09	79.1435	0.0622239	4.92462	-8.1
active75_out_ligand_10	80.2621	0.0622239	4.99422	-8.1
