active46_out_ligand_01	95.3134	0.240661	22.9382	-8.2
active46_out_ligand_02	95.8273	0.122332	11.7227	-7.8
active46_out_ligand_03	94.7183	0.122332	11.5871	-7.8
active46_out_ligand_04	94.7981	0.103294	9.79207	-7.7
active46_out_ligand_05	94.3732	0.0872185	8.23109	-7.6
active46_out_ligand_06	95.2393	0.0736449	7.01389	-7.5
active46_out_ligand_07	93.1206	0.0736449	6.85786	-7.5
active46_out_ligand_08	78.2602	0.0621837	4.86651	-7.4
active46_out_ligand_09	78.3514	0.0621837	4.87218	-7.4
active46_out_ligand_10	78.6259	0.0525062	4.12835	-7.3
