active3_out_ligand_01	95.8003	0.177972	17.0498	-8.0
active3_out_ligand_02	95.8953	0.177972	17.0667	-8.0
active3_out_ligand_03	79.2344	0.126888	10.0539	-7.8
active3_out_ligand_04	78.4425	0.0904665	7.09642	-7.6
active3_out_ligand_05	95.9173	0.0904665	8.6773	-7.6
active3_out_ligand_06	79.029	0.0763874	6.03682	-7.5
active3_out_ligand_07	87.9667	0.0763874	6.71955	-7.5
active3_out_ligand_08	76.7717	0.0644994	4.95173	-7.4
active3_out_ligand_09	95.8499	0.0644994	6.18226	-7.4
active3_out_ligand_10	96.2507	0.0544615	5.24196	-7.3
