active224_out_ligand_01	97.0013	0.143789	13.9477	-7.6
active224_out_ligand_02	90.1679	0.121412	10.9475	-7.5
active224_out_ligand_03	78.3551	0.121412	9.51325	-7.5
active224_out_ligand_04	85.0556	0.102517	8.71964	-7.4
active224_out_ligand_05	89.6922	0.102517	9.19498	-7.4
active224_out_ligand_06	90.148	0.102517	9.2417	-7.4
active224_out_ligand_07	78.2088	0.0865623	6.76993	-7.3
active224_out_ligand_08	77.048	0.0730908	5.6315	-7.2
active224_out_ligand_09	78.9774	0.0730908	5.77252	-7.2
active224_out_ligand_10	81.5876	0.0730908	5.9633	-7.2
