active251_out_ligand_01	95.7897	0.206577	19.7879	-8.3
active251_out_ligand_02	77.352	0.124361	9.61957	-8.0
active251_out_ligand_03	77.3236	0.124361	9.61604	-8.0
active251_out_ligand_04	95.6288	0.105007	10.0417	-7.9
active251_out_ligand_05	95.868	0.088665	8.50013	-7.8
active251_out_ligand_06	95.8478	0.0748663	7.17577	-7.7
active251_out_ligand_07	80.4838	0.0748663	6.02552	-7.7
active251_out_ligand_08	78.278	0.0748663	5.86038	-7.7
active251_out_ligand_09	94.8244	0.063215	5.99433	-7.6
active251_out_ligand_10	81.6122	0.063215	5.15912	-7.6
