active263_out_ligand_01	97.5701	0.190181	18.556	-8.0
active263_out_ligand_02	96.7279	0.135592	13.1155	-7.8
active263_out_ligand_03	80.8381	0.11449	9.25515	-7.7
active263_out_ligand_04	79.8133	0.11449	9.13782	-7.7
active263_out_ligand_05	79.2928	0.0966725	7.66543	-7.6
active263_out_ligand_06	96.8813	0.0816275	7.90818	-7.5
active263_out_ligand_07	78.5121	0.0816275	6.40875	-7.5
active263_out_ligand_08	96.0982	0.068924	6.62347	-7.4
active263_out_ligand_09	78.4176	0.0581975	4.56371	-7.3
active263_out_ligand_10	96.6239	0.0581975	5.62327	-7.3
