active63_out_ligand_01	79.5128	0.180176	14.3263	-8.1
active63_out_ligand_02	79.0187	0.152136	12.0216	-8.0
active63_out_ligand_03	98.0901	0.128459	12.6006	-7.9
active63_out_ligand_04	78.5035	0.108468	8.51512	-7.8
active63_out_ligand_05	78.3951	0.108468	8.50336	-7.8
active63_out_ligand_06	77.4458	0.091587	7.09303	-7.7
active63_out_ligand_07	97.7409	0.0652983	6.38232	-7.5
active63_out_ligand_08	96.9743	0.055136	5.34678	-7.4
active63_out_ligand_09	77.2302	0.055136	4.25816	-7.4
active63_out_ligand_10	89.6514	0.055136	4.94302	-7.4
