active23_out_ligand_01	76.8678	0.162105	12.4607	-8.0
active23_out_ligand_02	78.5587	0.115575	9.07942	-7.8
active23_out_ligand_03	78.4861	0.0975883	7.65933	-7.7
active23_out_ligand_04	80.4899	0.0975883	7.85487	-7.7
active23_out_ligand_05	81.5075	0.0975883	7.95418	-7.7
active23_out_ligand_06	82.1045	0.0975883	8.01244	-7.7
active23_out_ligand_07	76.3084	0.0975883	7.44681	-7.7
active23_out_ligand_08	77.1277	0.0824009	6.35539	-7.6
active23_out_ligand_09	80.9674	0.0824009	6.67179	-7.6
active23_out_ligand_10	81.3125	0.069577	5.65748	-7.5
