active107_out_ligand_01	97.6532	0.240955	23.53	-8.0
active107_out_ligand_02	96.5974	0.171792	16.5947	-7.8
active107_out_ligand_03	96.1048	0.10342	9.93916	-7.5
active107_out_ligand_04	97.1031	0.0873251	8.47954	-7.4
active107_out_ligand_05	79.6769	0.0737349	5.87497	-7.3
active107_out_ligand_06	96.2653	0.0737349	7.09811	-7.3
active107_out_ligand_07	96.6905	0.0622597	6.01992	-7.2
active107_out_ligand_08	88.246	0.0622597	5.49417	-7.2
active107_out_ligand_09	96.4119	0.0622597	6.00258	-7.2
active107_out_ligand_10	96.3692	0.0622597	5.99992	-7.2
