active113_out_ligand_01	98.7053	0.126251	12.4616	-6.3
active113_out_ligand_02	99.1429	0.126251	12.5169	-6.3
active113_out_ligand_03	98.7566	0.126251	12.4681	-6.3
active113_out_ligand_04	76.4141	0.106603	8.14597	-6.2
active113_out_ligand_05	89.061	0.106603	9.49417	-6.2
active113_out_ligand_06	76.8305	0.0900128	6.91573	-6.1
active113_out_ligand_07	88.7509	0.0900128	7.98872	-6.1
active113_out_ligand_08	78.116	0.0760043	5.93715	-6.0
active113_out_ligand_09	84.5922	0.0760043	6.42937	-6.0
active113_out_ligand_10	87.9532	0.0760043	6.68482	-6.0
