active15_out_ligand_01	97.6266	0.308536	30.1213	-8.6
active15_out_ligand_02	97.5766	0.26052	25.4207	-8.5
active15_out_ligand_03	97.1719	0.079722	7.74674	-7.8
active15_out_ligand_04	96.2051	0.079722	7.66967	-7.8
active15_out_ligand_05	96.104	0.067315	6.46924	-7.7
active15_out_ligand_06	96.2365	0.067315	6.47816	-7.7
active15_out_ligand_07	81.9397	0.0342175	2.80377	-7.3
active15_out_ligand_08	77.8408	0.0342175	2.66352	-7.3
active15_out_ligand_09	78.462	0.0342175	2.68477	-7.3
active15_out_ligand_10	79.9082	0.0342175	2.73426	-7.3
