active71_out_ligand_01	96.7519	0.165955	16.0565	-7.6
active71_out_ligand_02	96.5412	0.140128	13.5281	-7.5
active71_out_ligand_03	94.6144	0.11832	11.1948	-7.4
active71_out_ligand_04	96.2072	0.0999064	9.61172	-7.3
active71_out_ligand_05	96.9693	0.0999064	9.68785	-7.3
active71_out_ligand_06	79.4114	0.0999064	7.93371	-7.3
active71_out_ligand_07	94.2803	0.0843582	7.95332	-7.2
active71_out_ligand_08	96.9376	0.0712297	6.90484	-7.1
active71_out_ligand_09	82.738	0.0601444	4.97623	-7.0
active71_out_ligand_10	78.6401	0.0601444	4.72976	-7.0
