active228_out_ligand_01	79.618	0.223143	17.7662	-7.5
active228_out_ligand_02	79.4298	0.159093	12.6367	-7.3
active228_out_ligand_03	80.67	0.0957753	7.72619	-7.0
active228_out_ligand_04	96.1363	0.0957753	9.20748	-7.0
active228_out_ligand_05	83.5329	0.08087	6.75531	-6.9
active228_out_ligand_06	96.2854	0.08087	7.7866	-6.9
active228_out_ligand_07	80.9116	0.08087	6.54332	-6.9
active228_out_ligand_08	77.9751	0.0682844	5.32448	-6.8
active228_out_ligand_09	76.2133	0.0576575	4.39427	-6.7
active228_out_ligand_10	78.2173	0.0576575	4.50981	-6.7
