active192_out_ligand_01	96.6737	0.254306	24.5847	-8.9
active192_out_ligand_02	96.5121	0.153094	14.7754	-8.6
active192_out_ligand_03	95.3995	0.129268	12.3321	-8.5
active192_out_ligand_04	95.5758	0.0921637	8.80862	-8.3
active192_out_ligand_05	95.3242	0.0921637	8.78543	-8.3
active192_out_ligand_06	79.3746	0.0657094	5.21566	-8.1
active192_out_ligand_07	81.7787	0.0554832	4.53734	-8.0
active192_out_ligand_08	77.0996	0.0554832	4.27773	-8.0
active192_out_ligand_09	79.4975	0.0554832	4.41078	-8.0
active192_out_ligand_10	78.5981	0.0468485	3.6822	-7.9
