active197_out_ligand_01	88.3781	0.230381	20.3606	-9.1
active197_out_ligand_02	89.4365	0.138691	12.404	-8.8
active197_out_ligand_03	79.1893	0.0988818	7.83038	-8.6
active197_out_ligand_04	78.409	0.0988818	7.75322	-8.6
active197_out_ligand_05	78.4213	0.0988818	7.75444	-8.6
active197_out_ligand_06	79.0898	0.0834931	6.60345	-8.5
active197_out_ligand_07	76.2321	0.0704992	5.3743	-8.4
active197_out_ligand_08	76.2005	0.0704992	5.37207	-8.4
active197_out_ligand_09	78.4106	0.0595276	4.66759	-8.3
active197_out_ligand_10	78.0729	0.0502634	3.92421	-8.2
