active217_out_ligand_01	95.3738	0.165074	15.7437	-8.2
active217_out_ligand_02	95.772	0.0993758	9.51742	-7.9
active217_out_ligand_03	93.7193	0.0993758	9.31343	-7.9
active217_out_ligand_04	85.6646	0.0993758	8.51299	-7.9
active217_out_ligand_05	86.0611	0.0993758	8.55239	-7.9
active217_out_ligand_06	95.9717	0.0993758	9.53726	-7.9
active217_out_ligand_07	95.5243	0.0993758	9.4928	-7.9
active217_out_ligand_08	95.1003	0.0839101	7.97987	-7.8
active217_out_ligand_09	93.9352	0.0839101	7.88212	-7.8
active217_out_ligand_10	95.5122	0.0708514	6.76717	-7.7
