active156_out_ligand_01	96.184	0.140985	13.5605	-8.0
active156_out_ligand_02	96.7328	0.140985	13.6379	-8.0
active156_out_ligand_03	95.9252	0.119044	11.4193	-7.9
active156_out_ligand_04	79.3787	0.100517	7.97891	-7.8
active156_out_ligand_05	95.819	0.100517	9.63144	-7.8
active156_out_ligand_06	97.0248	0.084874	8.23489	-7.7
active156_out_ligand_07	96.4727	0.084874	8.18803	-7.7
active156_out_ligand_08	94.404	0.084874	8.01244	-7.7
active156_out_ligand_09	79.3493	0.0716652	5.68658	-7.6
active156_out_ligand_10	77.6776	0.0716652	5.56678	-7.6
