active69_out_ligand_01	78.9463	0.143069	11.2948	-8.2
active69_out_ligand_02	78.5395	0.120804	9.48789	-8.1
active69_out_ligand_03	79.7594	0.120804	9.63525	-8.1
active69_out_ligand_04	79.4899	0.120804	9.6027	-8.1
active69_out_ligand_05	78.2422	0.102003	7.98094	-8.0
active69_out_ligand_06	96.1591	0.0861287	8.28206	-7.9
active69_out_ligand_07	79.4122	0.0861287	6.83967	-7.9
active69_out_ligand_08	79.2435	0.0861287	6.82514	-7.9
active69_out_ligand_09	80.203	0.0727247	5.83274	-7.8
active69_out_ligand_10	77.4267	0.0614067	4.75452	-7.7
