active271_out_ligand_01	97.3531	0.220398	21.4564	-7.9
active271_out_ligand_02	97.4646	0.186098	18.138	-7.8
active271_out_ligand_03	97.0027	0.0945972	9.17618	-7.4
active271_out_ligand_04	96.5585	0.0798752	7.71263	-7.3
active271_out_ligand_05	81.3521	0.0798752	6.49802	-7.3
active271_out_ligand_06	97.0708	0.0798752	7.75355	-7.3
active271_out_ligand_07	79.5903	0.0674444	5.36792	-7.2
active271_out_ligand_08	79.0487	0.0674444	5.33139	-7.2
active271_out_ligand_09	96.1167	0.0674444	6.48253	-7.2
active271_out_ligand_10	96.4628	0.0569482	5.49338	-7.1
