active140_out_ligand_01	96.6201	0.282725	27.3169	-8.3
active140_out_ligand_02	96.5934	0.170202	16.4404	-8.0
active140_out_ligand_03	95.4056	0.121348	11.5773	-7.8
active140_out_ligand_04	95.3279	0.0730526	6.96395	-7.5
active140_out_ligand_05	94.147	0.0730526	6.87768	-7.5
active140_out_ligand_06	78.6815	0.0616836	4.85336	-7.4
active140_out_ligand_07	82.0579	0.0616836	5.06163	-7.4
active140_out_ligand_08	93.4442	0.0520839	4.86694	-7.3
active140_out_ligand_09	78.5983	0.0520839	4.09371	-7.3
active140_out_ligand_10	94.5318	0.0520839	4.92358	-7.3
