active171_out_ligand_01	96.7056	0.146121	14.1307	-7.6
active171_out_ligand_02	76.2071	0.12338	9.40243	-7.5
active171_out_ligand_03	97.2725	0.12338	12.0015	-7.5
active171_out_ligand_04	97.3902	0.104179	10.146	-7.4
active171_out_ligand_05	97.0881	0.104179	10.1145	-7.4
active171_out_ligand_06	96.2278	0.0879658	8.46476	-7.3
active171_out_ligand_07	96.9232	0.0879658	8.52592	-7.3
active171_out_ligand_08	97.0514	0.0742759	7.20858	-7.2
active171_out_ligand_09	96.1415	0.0742759	7.141	-7.2
active171_out_ligand_10	78.8317	0.0742759	5.8553	-7.2
