active207_out_ligand_01	96.3691	0.208796	20.1215	-7.9
active207_out_ligand_02	96.1476	0.148864	14.3129	-7.7
active207_out_ligand_03	80.7515	0.106135	8.57056	-7.5
active207_out_ligand_04	94.2726	0.0896175	8.44848	-7.4
active207_out_ligand_05	96.4885	0.0896175	8.64706	-7.4
active207_out_ligand_06	95.3314	0.0896175	8.54336	-7.4
active207_out_ligand_07	96.3952	0.0756705	7.29427	-7.3
active207_out_ligand_08	93.4296	0.0638941	5.9696	-7.2
active207_out_ligand_09	80.2547	0.0638941	5.1278	-7.2
active207_out_ligand_10	77.2196	0.0638941	4.93388	-7.2
