active188_out_ligand_01	95.7508	0.304994	29.2034	-8.4
active188_out_ligand_02	95.6314	0.155034	14.8261	-8.0
active188_out_ligand_03	94.5612	0.0788067	7.45206	-7.6
active188_out_ligand_04	93.8508	0.0788067	7.39607	-7.6
active188_out_ligand_05	93.8404	0.0788067	7.39525	-7.6
active188_out_ligand_06	95.8175	0.0788067	7.55106	-7.6
active188_out_ligand_07	79.6439	0.0561864	4.4749	-7.4
active188_out_ligand_08	94.7882	0.0561864	5.32581	-7.4
active188_out_ligand_09	78.966	0.0561864	4.43682	-7.4
active188_out_ligand_10	79.6814	0.0561864	4.47701	-7.4
