active172_out_ligand_01	96.3647	0.139147	13.4089	-8.2
active172_out_ligand_02	94.9224	0.139147	13.2082	-8.2
active172_out_ligand_03	96.2058	0.117492	11.3034	-8.1
active172_out_ligand_04	94.3423	0.0992068	9.3594	-8.0
active172_out_ligand_05	94.3372	0.0992068	9.35889	-8.0
active172_out_ligand_06	79.2295	0.0837675	6.63686	-7.9
active172_out_ligand_07	79.2145	0.0837675	6.6356	-7.9
active172_out_ligand_08	78.4475	0.0837675	6.57135	-7.9
active172_out_ligand_09	96.27	0.0837675	8.06429	-7.9
active172_out_ligand_10	95.4661	0.0707309	6.7524	-7.8
