active58_out_ligand_01	95.5916	0.215812	20.6298	-8.4
active58_out_ligand_02	96.1308	0.182226	17.5175	-8.3
active58_out_ligand_03	96.4465	0.109701	10.5803	-8.0
active58_out_ligand_04	77.7949	0.0926287	7.20604	-7.9
active58_out_ligand_05	77.7808	0.0926287	7.20473	-7.9
active58_out_ligand_06	77.7198	0.0926287	7.19908	-7.9
active58_out_ligand_07	95.7155	0.0557632	5.3374	-7.6
active58_out_ligand_08	77.942	0.0557632	4.3463	-7.6
active58_out_ligand_09	77.0044	0.0557632	4.29401	-7.6
active58_out_ligand_10	78.099	0.0470849	3.67728	-7.5
