active134_out_ligand_01	96.641	0.220804	21.3387	-8.2
active134_out_ligand_02	94.8658	0.0947713	8.99056	-7.7
active134_out_ligand_03	95.617	0.0947713	9.06174	-7.7
active134_out_ligand_04	78.7477	0.0947713	7.46302	-7.7
active134_out_ligand_05	80.3584	0.0947713	7.61567	-7.7
active134_out_ligand_06	78.4164	0.0800222	6.27505	-7.6
active134_out_ligand_07	88.2392	0.0800222	7.06109	-7.6
active134_out_ligand_08	76.6713	0.0800222	6.13541	-7.6
active134_out_ligand_09	76.7686	0.0800222	6.14319	-7.6
active134_out_ligand_10	96.357	0.0800222	7.7107	-7.6
