active201_out_ligand_01	97.5118	0.294277	28.6955	-8.8
active201_out_ligand_02	96.8762	0.126306	12.236	-8.3
active201_out_ligand_03	77.5521	0.126306	9.7953	-8.3
active201_out_ligand_04	80.4485	0.0760374	6.11709	-8.0
active201_out_ligand_05	96.3229	0.0760374	7.32414	-8.0
active201_out_ligand_06	78.4603	0.0642039	5.03746	-7.9
active201_out_ligand_07	95.3723	0.0642039	6.12328	-7.9
active201_out_ligand_08	96.1478	0.0642039	6.17306	-7.9
active201_out_ligand_09	95.8406	0.054212	5.19571	-7.8
active201_out_ligand_10	94.3421	0.054212	5.11447	-7.8
