active4_out_ligand_01	96.4663	0.242073	23.3519	-7.6
active4_out_ligand_02	96.5634	0.172589	16.6658	-7.4
active4_out_ligand_03	87.9445	0.0877302	7.71539	-7.0
active4_out_ligand_04	77.1759	0.0877302	6.77066	-7.0
active4_out_ligand_05	96.879	0.074077	7.17651	-6.9
active4_out_ligand_06	79.385	0.074077	5.8806	-6.9
active4_out_ligand_07	97.6202	0.074077	7.23141	-6.9
active4_out_ligand_08	77.3098	0.0625485	4.83561	-6.8
active4_out_ligand_09	79.6081	0.0625485	4.97937	-6.8
active4_out_ligand_10	96.5568	0.0625485	6.03948	-6.8
