active287_out_ligand_01	95.0534	0.363771	34.5777	-8.8
active287_out_ligand_02	79.3136	0.0939939	7.45499	-8.0
active287_out_ligand_03	95.8684	0.0939939	9.01105	-8.0
active287_out_ligand_04	78.8016	0.0670143	5.28083	-7.8
active287_out_ligand_05	79.5413	0.0670143	5.3304	-7.8
active287_out_ligand_06	95.2397	0.0670143	6.38242	-7.8
active287_out_ligand_07	79.2528	0.0670143	5.31107	-7.8
active287_out_ligand_08	82.6754	0.0670143	5.54043	-7.8
active287_out_ligand_09	76.6639	0.056585	4.33803	-7.7
active287_out_ligand_10	96.613	0.056585	5.46684	-7.7
