active34_out_ligand_01	89.5314	0.183317	16.4126	-8.2
active34_out_ligand_02	77.6036	0.130699	10.1427	-8.0
active34_out_ligand_03	79.2688	0.130699	10.3604	-8.0
active34_out_ligand_04	78.7327	0.0931835	7.33659	-7.8
active34_out_ligand_05	96.8325	0.0931835	9.02319	-7.8
active34_out_ligand_06	85.2094	0.0786816	6.70441	-7.7
active34_out_ligand_07	77.5848	0.0786816	6.1045	-7.7
active34_out_ligand_08	93.9745	0.0786816	7.39406	-7.7
active34_out_ligand_09	79.7237	0.0664366	5.29657	-7.6
active34_out_ligand_10	78.8082	0.0664366	5.23575	-7.6
