active184_out_ligand_01	96.4099	0.224019	21.5977	-8.5
active184_out_ligand_02	96.3508	0.159718	15.389	-8.3
active184_out_ligand_03	95.6467	0.113873	10.8916	-8.1
active184_out_ligand_04	95.541	0.0961512	9.18638	-8.0
active184_out_ligand_05	78.6894	0.0811874	6.38859	-7.9
active184_out_ligand_06	95.2389	0.0811874	7.7322	-7.9
active184_out_ligand_07	79.1707	0.0685524	5.42734	-7.8
active184_out_ligand_08	81.7453	0.0685524	5.60384	-7.8
active184_out_ligand_09	79.047	0.0578838	4.57554	-7.7
active184_out_ligand_10	79.3914	0.0488754	3.88029	-7.6
