active226_out_ligand_01	97.1174	0.140985	13.6921	-8.3
active226_out_ligand_02	89.5097	0.140985	12.6195	-8.3
active226_out_ligand_03	79.2708	0.119044	9.43671	-8.2
active226_out_ligand_04	76.6359	0.100517	7.70321	-8.1
active226_out_ligand_05	97.0258	0.100517	9.75274	-8.1
active226_out_ligand_06	96.2662	0.0848739	8.17048	-8.0
active226_out_ligand_07	96.8064	0.0848739	8.21633	-8.0
active226_out_ligand_08	88.653	0.0848739	7.52433	-8.0
active226_out_ligand_09	84.8826	0.0716652	6.08313	-7.9
active226_out_ligand_10	97.1893	0.0716652	6.96509	-7.9
