active152_out_ligand_01	97.481	0.267549	26.0809	-8.2
active152_out_ligand_02	97.5399	0.267549	26.0967	-8.2
active152_out_ligand_03	97.3625	0.0818729	7.97135	-7.5
active152_out_ligand_04	96.2589	0.0691312	6.65449	-7.4
active152_out_ligand_05	79.4779	0.0583725	4.63932	-7.3
active152_out_ligand_06	96.8672	0.0583725	5.65438	-7.3
active152_out_ligand_07	78.124	0.0492881	3.85058	-7.2
active152_out_ligand_08	88.8486	0.0492881	4.37918	-7.2
active152_out_ligand_09	95.9617	0.0492881	4.72977	-7.2
active152_out_ligand_10	76.5656	0.0492881	3.77377	-7.2
