active281_out_ligand_01	95.7251	0.206904	19.8059	-8.3
active281_out_ligand_02	95.7297	0.147515	14.1216	-8.1
active281_out_ligand_03	94.6365	0.105173	9.9532	-7.9
active281_out_ligand_04	95.4706	0.105173	10.0409	-7.9
active281_out_ligand_05	94.4871	0.105173	9.93749	-7.9
active281_out_ligand_06	93.6322	0.0749848	7.02099	-7.7
active281_out_ligand_07	79.6989	0.0749848	5.97621	-7.7
active281_out_ligand_08	79.7252	0.0633151	5.04781	-7.6
active281_out_ligand_09	93.9445	0.0633151	5.9481	-7.6
active281_out_ligand_10	78.8957	0.0534615	4.21788	-7.5
