active259_out_ligand_01	84.6712	0.178542	15.1174	-8.4
active259_out_ligand_02	89.9312	0.127294	11.4477	-8.2
active259_out_ligand_03	80.4587	0.127294	10.2419	-8.2
active259_out_ligand_04	81.1246	0.0907561	7.36255	-8.0
active259_out_ligand_05	97.5763	0.0907561	8.85564	-8.0
active259_out_ligand_06	97.1087	0.0907561	8.81321	-8.0
active259_out_ligand_07	80.601	0.0766319	6.17661	-7.9
active259_out_ligand_08	97.3078	0.0766319	7.45688	-7.9
active259_out_ligand_09	79.7435	0.0766319	6.1109	-7.9
active259_out_ligand_10	96.913	0.0647058	6.27083	-7.8
