active176_out_ligand_01	85.9973	0.220298	18.945	-9.1
active176_out_ligand_02	95.5601	0.0945542	9.03561	-8.6
active176_out_ligand_03	94.7927	0.0945542	8.96305	-8.6
active176_out_ligand_04	80.2392	0.0945542	7.58695	-8.6
active176_out_ligand_05	79.4936	0.0945542	7.51645	-8.6
active176_out_ligand_06	86.5513	0.0945542	8.18379	-8.6
active176_out_ligand_07	95.5142	0.0798389	7.62575	-8.5
active176_out_ligand_08	80.4239	0.0798389	6.42096	-8.5
active176_out_ligand_09	81.4184	0.0798389	6.50036	-8.5
active176_out_ligand_10	80.4394	0.0674138	5.42273	-8.4
