active111_out_ligand_01	89.5936	0.254773	22.826	-8.2
active111_out_ligand_02	88.7855	0.215123	19.0998	-8.1
active111_out_ligand_03	88.4349	0.129506	11.4529	-7.8
active111_out_ligand_04	79.4774	0.0779635	6.19634	-7.5
active111_out_ligand_05	88.912	0.0779635	6.93189	-7.5
active111_out_ligand_06	79.8898	0.0555852	4.44069	-7.3
active111_out_ligand_07	79.6364	0.0555852	4.42661	-7.3
active111_out_ligand_08	77.4708	0.0469346	3.63606	-7.2
active111_out_ligand_09	97.3404	0.0469346	4.56863	-7.2
active111_out_ligand_10	78.3495	0.0396303	3.10501	-7.1
