active236_out_ligand_01	98.1513	0.204006	20.0235	-7.5
active236_out_ligand_02	98.5316	0.122813	12.101	-7.2
active236_out_ligand_03	98.1063	0.1037	10.1736	-7.1
active236_out_ligand_04	96.4839	0.1037	10.0054	-7.1
active236_out_ligand_05	78.2972	0.1037	8.11942	-7.1
active236_out_ligand_06	89.9212	0.0875615	7.87364	-7.0
active236_out_ligand_07	88.4632	0.0739345	6.54048	-6.9
active236_out_ligand_08	79.6223	0.0739345	5.88683	-6.9
active236_out_ligand_09	81.7163	0.0739345	6.04165	-6.9
active236_out_ligand_10	97.3735	0.0527127	5.13282	-6.7
