active203_out_ligand_01	78.9692	0.174448	13.776	-8.6
active203_out_ligand_02	96.1872	0.147299	14.1683	-8.5
active203_out_ligand_03	96.584	0.124376	12.0127	-8.4
active203_out_ligand_04	78.4813	0.0886753	6.95935	-8.2
active203_out_ligand_05	77.8796	0.0886753	6.906	-8.2
active203_out_ligand_06	78.5464	0.0886753	6.96513	-8.2
active203_out_ligand_07	78.7776	0.074875	5.89847	-8.1
active203_out_ligand_08	93.5984	0.074875	7.00818	-8.1
active203_out_ligand_09	95.7345	0.074875	7.16812	-8.1
active203_out_ligand_10	93.8168	0.0632224	5.93132	-8.0
