active253_out_ligand_01	97.9046	0.172762	16.9142	-7.2
active253_out_ligand_02	98.0386	0.123173	12.0757	-7.0
active253_out_ligand_03	97.8782	0.123173	12.056	-7.0
active253_out_ligand_04	88.6929	0.104004	9.22442	-6.9
active253_out_ligand_05	77.103	0.104004	8.01902	-6.9
active253_out_ligand_06	88.7157	0.087818	7.79084	-6.8
active253_out_ligand_07	97.4742	0.0741511	7.22782	-6.7
active253_out_ligand_08	80.4962	0.0741511	5.96888	-6.7
active253_out_ligand_09	77.145	0.0741511	5.72039	-6.7
active253_out_ligand_10	77.4264	0.0626111	4.84775	-6.6
