active13_out_ligand_01	96.6356	0.342603	33.1076	-8.6
active13_out_ligand_02	96.1249	0.147048	14.135	-8.1
active13_out_ligand_03	78.5877	0.0747474	5.87423	-7.7
active13_out_ligand_04	80.707	0.0747474	6.03264	-7.7
active13_out_ligand_05	79.2016	0.0747474	5.92011	-7.7
active13_out_ligand_06	76.9247	0.0631146	4.85507	-7.6
active13_out_ligand_07	77.0018	0.0631146	4.85994	-7.6
active13_out_ligand_08	79.3796	0.0532922	4.23031	-7.5
active13_out_ligand_09	88.2277	0.0532922	4.70185	-7.5
active13_out_ligand_10	77.7959	0.0532922	4.14591	-7.5
