active151_out_ligand_01	95.4561	0.156922	14.9792	-8.7
active151_out_ligand_02	94.8357	0.132501	12.5658	-8.6
active151_out_ligand_03	94.828	0.132501	12.5648	-8.6
active151_out_ligand_04	95.8309	0.132501	12.6977	-8.6
active151_out_ligand_05	95.6733	0.0944683	9.0381	-8.4
active151_out_ligand_06	80.3462	0.0797664	6.40893	-8.3
active151_out_ligand_07	95.9301	0.0797664	7.652	-8.3
active151_out_ligand_08	78.8042	0.0673525	5.30766	-8.2
active151_out_ligand_09	93.9649	0.0673525	6.32877	-8.2
active151_out_ligand_10	79.0098	0.0568706	4.49333	-8.1
