active261_out_ligand_01	80.2787	0.163285	13.1083	-8.2
active261_out_ligand_02	80.4546	0.116416	9.3662	-8.0
active261_out_ligand_03	94.4534	0.116416	10.9959	-8.0
active261_out_ligand_04	77.0016	0.116416	8.96422	-8.0
active261_out_ligand_05	93.9782	0.0982986	9.23793	-7.9
active261_out_ligand_06	82.2209	0.0830006	6.82438	-7.8
active261_out_ligand_07	77.3762	0.0830006	6.42227	-7.8
active261_out_ligand_08	82.1779	0.0830006	6.82082	-7.8
active261_out_ligand_09	81.0959	0.0700834	5.68348	-7.7
active261_out_ligand_10	80.6811	0.0700834	5.65441	-7.7
