active21_out_ligand_01	96.0178	0.131416	12.6183	-8.3
active21_out_ligand_02	80.0734	0.110964	8.88526	-8.2
active21_out_ligand_03	80.4111	0.110964	8.92274	-8.2
active21_out_ligand_04	78.2335	0.110964	8.6811	-8.2
active21_out_ligand_05	79.1706	0.110964	8.78509	-8.2
active21_out_ligand_06	80.0146	0.0936947	7.49694	-8.1
active21_out_ligand_07	82.2064	0.0936947	7.7023	-8.1
active21_out_ligand_08	96.5923	0.0791132	7.64173	-8.0
active21_out_ligand_09	75.6682	0.0791132	5.98635	-8.0
active21_out_ligand_10	78.5833	0.0791132	6.21698	-8.0
