active290_out_ligand_01	97.1238	0.2383	23.1446	-8.1
active290_out_ligand_02	97.1469	0.2383	23.1501	-8.1
active290_out_ligand_03	97.015	0.121132	11.7516	-7.7
active290_out_ligand_04	96.0934	0.0615736	5.91682	-7.3
active290_out_ligand_05	78.6616	0.0615736	4.84348	-7.3
active290_out_ligand_06	96.276	0.0615736	5.92806	-7.3
active290_out_ligand_07	78.6908	0.0615736	4.84528	-7.3
active290_out_ligand_08	79.38	0.0519911	4.12705	-7.2
active290_out_ligand_09	79.6105	0.0519911	4.13904	-7.2
active290_out_ligand_10	78.9378	0.0519911	4.10406	-7.2
