active254_out_ligand_01	88.5164	0.195195	17.278	-7.6
active254_out_ligand_02	77.224	0.164818	12.7279	-7.5
active254_out_ligand_03	97.2373	0.0992214	9.64802	-7.2
active254_out_ligand_04	88.739	0.0992214	8.80481	-7.2
active254_out_ligand_05	76.4185	0.0837798	6.40233	-7.1
active254_out_ligand_06	77.2497	0.0837798	6.47196	-7.1
active254_out_ligand_07	97.1351	0.0837798	8.13796	-7.1
active254_out_ligand_08	97.362	0.0707414	6.88752	-7.0
active254_out_ligand_09	86.2959	0.059732	5.15463	-6.9
active254_out_ligand_10	96.9329	0.059732	5.78999	-6.9
