active91_out_ligand_01	98.1455	0.311184	30.5413	-7.9
active91_out_ligand_02	88.8163	0.133563	11.8626	-7.4
active91_out_ligand_03	89.9424	0.112777	10.1434	-7.3
active91_out_ligand_04	76.8649	0.0952259	7.31953	-7.2
active91_out_ligand_05	97.7885	0.0678927	6.63913	-7.0
active91_out_ligand_06	89.6252	0.0678927	6.0849	-7.0
active91_out_ligand_07	77.2946	0.0573267	4.43104	-6.9
active91_out_ligand_08	97.0606	0.0573267	5.56416	-6.9
active91_out_ligand_09	96.3496	0.0484051	4.66381	-6.8
active91_out_ligand_10	97.4262	0.0484051	4.71592	-6.8
