active109_out_ligand_01	90.2951	0.183899	16.6052	-7.6
active109_out_ligand_02	84.8338	0.131114	11.1229	-7.4
active109_out_ligand_03	80.3244	0.110709	8.89263	-7.3
active109_out_ligand_04	81.3408	0.110709	9.00516	-7.3
active109_out_ligand_05	80.7936	0.0934793	7.55253	-7.2
active109_out_ligand_06	79.6749	0.0789313	6.28884	-7.1
active109_out_ligand_07	97.1116	0.0789313	7.66514	-7.1
active109_out_ligand_08	88.9468	0.0789313	7.02069	-7.1
active109_out_ligand_09	97.0954	0.0666474	6.47116	-7.0
active109_out_ligand_10	97.1225	0.0666474	6.47296	-7.0
