active55_out_ligand_01	95.7886	0.182148	17.4477	-8.3
active55_out_ligand_02	95.4111	0.129865	12.3906	-8.1
active55_out_ligand_03	95.4223	0.129865	12.392	-8.1
active55_out_ligand_04	96.6058	0.0925892	8.94466	-7.9
active55_out_ligand_05	96.4453	0.0925892	8.92979	-7.9
active55_out_ligand_06	94.8159	0.0925892	8.77893	-7.9
active55_out_ligand_07	96.019	0.0925892	8.89032	-7.9
active55_out_ligand_08	95.1891	0.0660128	6.2837	-7.7
active55_out_ligand_09	79.3449	0.0660128	5.23778	-7.7
active55_out_ligand_10	96.6492	0.0557394	5.38717	-7.6
