active100_out_ligand_01	97.7759	0.240907	23.5549	-8.0
active100_out_ligand_02	97.7036	0.240907	23.5375	-8.0
active100_out_ligand_03	97.3612	0.122457	11.9226	-7.6
active100_out_ligand_04	96.5273	0.1034	9.98092	-7.5
active100_out_ligand_05	79.5318	0.0622473	4.95064	-7.2
active100_out_ligand_06	96.5124	0.0525599	5.07268	-7.1
active100_out_ligand_07	79.7831	0.0443801	3.54078	-7.0
active100_out_ligand_08	79.9769	0.0443801	3.54938	-7.0
active100_out_ligand_09	96.4294	0.0443801	4.27955	-7.0
active100_out_ligand_10	79.0022	0.0443801	3.50613	-7.0
