active67_out_ligand_01	97.587	0.211061	20.5968	-8.3
active67_out_ligand_02	97.5461	0.211061	20.5882	-8.3
active67_out_ligand_03	97.4446	0.178214	17.366	-8.2
active67_out_ligand_04	97.0831	0.076491	7.42599	-7.7
active67_out_ligand_05	96.7081	0.0645869	6.24607	-7.6
active67_out_ligand_06	79.2033	0.0645869	5.1155	-7.6
active67_out_ligand_07	96.2535	0.0545354	5.24922	-7.5
active67_out_ligand_08	78.8102	0.0545354	4.29795	-7.5
active67_out_ligand_09	78.7827	0.0460482	3.6278	-7.4
active67_out_ligand_10	76.9847	0.0388818	2.9933	-7.3
