active38_out_ligand_01	98.2919	0.280937	27.6138	-7.9
active38_out_ligand_02	98.2806	0.280937	27.6107	-7.9
active38_out_ligand_03	97.8456	0.08597	8.41178	-7.2
active38_out_ligand_04	97.9086	0.0725906	7.10724	-7.1
active38_out_ligand_05	76.8403	0.0517545	3.97683	-6.9
active38_out_ligand_06	77.1661	0.0517545	3.99369	-6.9
active38_out_ligand_07	97.0263	0.0517545	5.02155	-6.9
active38_out_ligand_08	77.4963	0.0437001	3.3866	-6.8
active38_out_ligand_09	80.2658	0.0437001	3.50762	-6.8
active38_out_ligand_10	80.2534	0.0368992	2.96129	-6.7
