active212_out_ligand_01	79.6199	0.13875	11.0473	-8.0
active212_out_ligand_02	79.6362	0.13875	11.0495	-8.0
active212_out_ligand_03	79.3959	0.13875	11.0162	-8.0
active212_out_ligand_04	79.6866	0.117157	9.33584	-7.9
active212_out_ligand_05	79.9876	0.098924	7.91269	-7.8
active212_out_ligand_06	96.1159	0.0835286	8.02843	-7.7
active212_out_ligand_07	97.0649	0.0835286	8.1077	-7.7
active212_out_ligand_08	85.2214	0.0705293	6.01061	-7.6
active212_out_ligand_09	96.1382	0.0705293	6.78056	-7.6
active212_out_ligand_10	78.8419	0.059553	4.69527	-7.5
