active121_out_ligand_01	79.3217	0.137031	10.8695	-8.1
active121_out_ligand_02	95.9037	0.137031	13.1418	-8.1
active121_out_ligand_03	96.3066	0.115705	11.1431	-8.0
active121_out_ligand_04	96.7813	0.0976984	9.45538	-7.9
active121_out_ligand_05	96.9616	0.0976984	9.47299	-7.9
active121_out_ligand_06	78.0134	0.0976984	7.62178	-7.9
active121_out_ligand_07	79.7122	0.0824938	6.57576	-7.8
active121_out_ligand_08	79.0624	0.0824938	6.52216	-7.8
active121_out_ligand_09	82.5364	0.0824938	6.80874	-7.8
active121_out_ligand_10	95.5399	0.0696555	6.65488	-7.7
