active150_out_ligand_01	97.4602	0.233147	22.7226	-7.7
active150_out_ligand_02	97.2427	0.140356	13.6486	-7.4
active150_out_ligand_03	95.6885	0.118513	11.3403	-7.3
active150_out_ligand_04	79.411	0.100069	7.94658	-7.2
active150_out_ligand_05	96.3442	0.0844956	8.14066	-7.1
active150_out_ligand_06	96.5705	0.0713457	6.88989	-7.0
active150_out_ligand_07	77.801	0.0713457	5.55077	-7.0
active150_out_ligand_08	96.1069	0.0602424	5.78971	-6.9
active150_out_ligand_09	79.4235	0.0602424	4.78466	-6.9
active150_out_ligand_10	76.5087	0.0602424	4.60907	-6.9
