active40_out_ligand_01	96.1525	0.392373	37.7276	-9.8
active40_out_ligand_02	95.7594	0.16841	16.1268	-9.3
active40_out_ligand_03	95.9341	0.0722833	6.93443	-8.8
active40_out_ligand_04	79.2841	0.0722833	5.73092	-8.8
active40_out_ligand_05	79.5109	0.061034	4.85287	-8.7
active40_out_ligand_06	79.3072	0.0515354	4.08713	-8.6
active40_out_ligand_07	79.3623	0.0515354	4.08997	-8.6
active40_out_ligand_08	94.5616	0.0435151	4.11486	-8.5
active40_out_ligand_09	77.4127	0.0435151	3.36862	-8.5
active40_out_ligand_10	79.3625	0.0435151	3.45347	-8.5
