active130_out_ligand_01	95.379	0.2245	21.4126	-8.5
active130_out_ligand_02	95.4406	0.189561	18.0918	-8.4
active130_out_ligand_03	95.8251	0.114117	10.9353	-8.1
active130_out_ligand_04	95.1128	0.0813616	7.73853	-7.9
active130_out_ligand_05	95.0484	0.0813616	7.73329	-7.9
active130_out_ligand_06	95.1056	0.0813616	7.73795	-7.9
active130_out_ligand_07	95.2609	0.0686994	6.54437	-7.8
active130_out_ligand_08	95.7948	0.0686994	6.58105	-7.8
active130_out_ligand_09	79.2679	0.0489803	3.88257	-7.6
active130_out_ligand_10	92.7926	0.0413576	3.83768	-7.5
