active133_out_ligand_01	97.1311	0.171476	16.6556	-8.2
active133_out_ligand_02	96.7834	0.171476	16.596	-8.2
active133_out_ligand_03	96.6607	0.14479	13.9955	-8.1
active133_out_ligand_04	96.8636	0.122256	11.8422	-8.0
active133_out_ligand_05	96.6298	0.0871645	8.42269	-7.8
active133_out_ligand_06	96.54	0.0735993	7.10527	-7.7
active133_out_ligand_07	96.657	0.0621452	6.00677	-7.6
active133_out_ligand_08	78.6166	0.0621452	4.88564	-7.6
active133_out_ligand_09	95.8355	0.0524737	5.02884	-7.5
active133_out_ligand_10	96.5172	0.0524737	5.06462	-7.5
