active32_out_ligand_01	96.0142	0.179382	17.2232	-9.2
active32_out_ligand_02	96.2404	0.179382	17.2638	-9.2
active32_out_ligand_03	78.1421	0.107989	8.43849	-8.9
active32_out_ligand_04	79.3615	0.091183	7.23642	-8.8
active32_out_ligand_05	94.5312	0.091183	8.61964	-8.8
active32_out_ligand_06	79.5396	0.0769924	6.12394	-8.7
active32_out_ligand_07	78.2903	0.0769924	6.02776	-8.7
active32_out_ligand_08	78.3994	0.0769924	6.03616	-8.7
active32_out_ligand_09	79.8296	0.0650103	5.18975	-8.6
active32_out_ligand_10	79.3435	0.0548929	4.35539	-8.5
