active182_out_ligand_01	96.7318	0.152356	14.7377	-7.9
active182_out_ligand_02	96.1457	0.108625	10.4438	-7.7
active182_out_ligand_03	79.2973	0.108625	8.61367	-7.7
active182_out_ligand_04	95.9944	0.108625	10.4274	-7.7
active182_out_ligand_05	96.5434	0.0917196	8.85492	-7.6
active182_out_ligand_06	97.0322	0.0917196	8.89976	-7.6
active182_out_ligand_07	77.8275	0.0917196	7.13831	-7.6
active182_out_ligand_08	79.3743	0.0917196	7.28018	-7.6
active182_out_ligand_09	78.847	0.0774455	6.10635	-7.5
active182_out_ligand_10	87.7802	0.0774455	6.79818	-7.5
