active124_out_ligand_01	84.4457	0.163128	13.7755	-8.0
active124_out_ligand_02	78.9544	0.137741	10.8753	-7.9
active124_out_ligand_03	76.5695	0.116305	8.90542	-7.8
active124_out_ligand_04	79.108	0.0982045	7.76876	-7.7
active124_out_ligand_05	82.7161	0.0829212	6.85892	-7.6
active124_out_ligand_06	82.6841	0.0829212	6.85626	-7.6
active124_out_ligand_07	95.7886	0.0829212	7.94291	-7.6
active124_out_ligand_08	82.4976	0.0829212	6.8408	-7.6
active124_out_ligand_09	95.7084	0.0829212	7.93626	-7.6
active124_out_ligand_10	79.0641	0.0700163	5.53578	-7.5
