active47_out_ligand_01	95.6899	0.220264	21.077	-8.4
active47_out_ligand_02	95.6831	0.220264	21.0755	-8.4
active47_out_ligand_03	96.0383	0.1326	12.7347	-8.1
active47_out_ligand_04	95.2403	0.111964	10.6635	-8.0
active47_out_ligand_05	80.8038	0.0569134	4.59882	-7.6
active47_out_ligand_06	78.586	0.0569134	4.4726	-7.6
active47_out_ligand_07	93.5812	0.0569134	5.32602	-7.6
active47_out_ligand_08	92.9042	0.0480561	4.46461	-7.5
active47_out_ligand_09	95.8023	0.0480561	4.60389	-7.5
active47_out_ligand_10	79.0745	0.0480561	3.80001	-7.5
