active42_out_ligand_01	96.0482	0.364534	35.0128	-9.9
active42_out_ligand_02	95.9373	0.2599	24.9341	-9.7
active42_out_ligand_03	95.3857	0.0941911	8.98448	-9.1
active42_out_ligand_04	77.5687	0.0567037	4.39843	-8.8
active42_out_ligand_05	77.1337	0.0404277	3.11834	-8.6
active42_out_ligand_06	81.8123	0.0404277	3.30748	-8.6
active42_out_ligand_07	79.3751	0.0404277	3.20895	-8.6
active42_out_ligand_08	96.2156	0.0404277	3.88978	-8.6
active42_out_ligand_09	94.4994	0.0341361	3.22584	-8.5
active42_out_ligand_10	94.4075	0.0288235	2.72115	-8.4
