active240_out_ligand_01	88.4726	0.264913	23.4375	-9.1
active240_out_ligand_02	89.5944	0.13466	12.0648	-8.7
active240_out_ligand_03	79.5342	0.13466	10.7101	-8.7
active240_out_ligand_04	76.9495	0.113703	8.74939	-8.6
active240_out_ligand_05	79.553	0.0810664	6.44908	-8.4
active240_out_ligand_06	97.2755	0.0577975	5.62228	-8.2
active240_out_ligand_07	96.1642	0.0577975	5.55805	-8.2
active240_out_ligand_08	79.0377	0.0577975	4.56818	-8.2
active240_out_ligand_09	84.376	0.0488026	4.11777	-8.1
active240_out_ligand_10	78.62	0.0488026	3.83686	-8.1
