active278_out_ligand_01	97.3198	0.303398	29.5266	-8.0
active278_out_ligand_02	96.3478	0.109955	10.5939	-7.4
active278_out_ligand_03	79.1847	0.0928433	7.35177	-7.3
active278_out_ligand_04	97.0108	0.0928433	9.0068	-7.3
active278_out_ligand_05	79.0899	0.0783943	6.2002	-7.2
active278_out_ligand_06	79.6116	0.0783943	6.2411	-7.2
active278_out_ligand_07	78.9231	0.066194	5.22424	-7.1
active278_out_ligand_08	94.6295	0.066194	6.2639	-7.1
active278_out_ligand_09	79.2804	0.0558924	4.43117	-7.0
active278_out_ligand_10	80.9041	0.0558924	4.52192	-7.0
