active41_out_ligand_01	97.6053	0.340362	33.2211	-8.0
active41_out_ligand_02	97.2558	0.123352	11.9967	-7.4
active41_out_ligand_03	95.6953	0.0742585	7.10619	-7.1
active41_out_ligand_04	96.3245	0.0742585	7.15292	-7.1
active41_out_ligand_05	78.8888	0.0742585	5.85816	-7.1
active41_out_ligand_06	79.1089	0.0627018	4.96027	-7.0
active41_out_ligand_07	78.4128	0.0627018	4.91662	-7.0
active41_out_ligand_08	79.33	0.0627018	4.97413	-7.0
active41_out_ligand_09	79.5465	0.0627018	4.98771	-7.0
active41_out_ligand_10	79.039	0.0627018	4.95589	-7.0
