active119_out_ligand_01	96.0633	0.166356	15.9807	-8.4
active119_out_ligand_02	79.1313	0.140466	11.1153	-8.3
active119_out_ligand_03	79.1244	0.140466	11.1143	-8.3
active119_out_ligand_04	95.7087	0.100147	9.58494	-8.1
active119_out_ligand_05	94.6167	0.100147	9.47558	-8.1
active119_out_ligand_06	94.6577	0.100147	9.47968	-8.1
active119_out_ligand_07	79.4295	0.0714015	5.67139	-7.9
active119_out_ligand_08	77.2979	0.0602894	4.66024	-7.8
active119_out_ligand_09	94.7815	0.0602894	5.71432	-7.8
active119_out_ligand_10	79.1741	0.0602894	4.77336	-7.8
