active190_out_ligand_01	96.1336	0.158964	15.2818	-8.0
active190_out_ligand_02	94.7752	0.134225	12.7212	-7.9
active190_out_ligand_03	96.2053	0.134225	12.9132	-7.9
active190_out_ligand_04	78.5034	0.0956978	7.5126	-7.7
active190_out_ligand_05	78.8825	0.0956978	7.54888	-7.7
active190_out_ligand_06	77.9671	0.0956978	7.46128	-7.7
active190_out_ligand_07	96.1418	0.0808045	7.76869	-7.6
active190_out_ligand_08	80.7911	0.0682291	5.5123	-7.5
active190_out_ligand_09	78.5502	0.0682291	5.35941	-7.5
active190_out_ligand_10	93.6622	0.0682291	6.39049	-7.5
