active256_out_ligand_01	95.491	0.208079	19.8697	-8.7
active256_out_ligand_02	94.5849	0.148353	14.0319	-8.5
active256_out_ligand_03	94.5584	0.125265	11.8449	-8.4
active256_out_ligand_04	95.4588	0.0893097	8.5254	-8.2
active256_out_ligand_05	94.2458	0.0754107	7.10714	-8.1
active256_out_ligand_06	79.3818	0.0754107	5.98624	-8.1
active256_out_ligand_07	78.6277	0.0754107	5.92937	-8.1
active256_out_ligand_08	95.2545	0.0754107	7.18321	-8.1
active256_out_ligand_09	78.2745	0.0636747	4.98411	-8.0
active256_out_ligand_10	77.9567	0.0636747	4.96387	-8.0
