active296_out_ligand_01	97.0834	0.209887	20.3765	-7.8
active296_out_ligand_02	97.7808	0.177223	17.329	-7.7
active296_out_ligand_03	96.2377	0.0900857	8.66964	-7.3
active296_out_ligand_04	97.0893	0.0900857	8.74636	-7.3
active296_out_ligand_05	96.7778	0.0760658	7.36148	-7.2
active296_out_ligand_06	97.1396	0.0760658	7.389	-7.2
active296_out_ligand_07	95.6642	0.0760658	7.27678	-7.2
active296_out_ligand_08	96.1085	0.0760658	7.31057	-7.2
active296_out_ligand_09	96.9229	0.0642279	6.22516	-7.1
active296_out_ligand_10	96.7415	0.0642279	6.21351	-7.1
