active122_out_ligand_01	95.4731	0.267779	25.5657	-8.6
active122_out_ligand_02	96.0352	0.114933	11.0376	-8.1
active122_out_ligand_03	77.6295	0.0819433	6.36122	-7.9
active122_out_ligand_04	79.3825	0.0819433	6.50486	-7.9
active122_out_ligand_05	83.0177	0.0819433	6.80274	-7.9
active122_out_ligand_06	77.4029	0.0819433	6.34265	-7.9
active122_out_ligand_07	77.4771	0.0819433	6.34873	-7.9
active122_out_ligand_08	78.2672	0.0691906	5.41535	-7.8
active122_out_ligand_09	78.953	0.0691906	5.46281	-7.8
active122_out_ligand_10	95.5576	0.0691906	6.61169	-7.8
