active52_out_ligand_01	97.6795	0.254745	24.8834	-8.6
active52_out_ligand_02	97.6545	0.254745	24.877	-8.6
active52_out_ligand_03	97.1771	0.109339	10.6252	-8.1
active52_out_ligand_04	97.3281	0.0779549	7.58721	-7.9
active52_out_ligand_05	96.2008	0.0779549	7.49932	-7.9
active52_out_ligand_06	96.0954	0.0779549	7.49111	-7.9
active52_out_ligand_07	96.2333	0.0469294	4.51617	-7.6
active52_out_ligand_08	77.8182	0.033459	2.60372	-7.4
active52_out_ligand_09	94.2162	0.033459	3.15238	-7.4
active52_out_ligand_10	82.0937	0.033459	2.74677	-7.4
