active73_out_ligand_01	95.9567	0.183973	17.6534	-8.2
active73_out_ligand_02	94.2665	0.155342	14.6435	-8.1
active73_out_ligand_03	79.5491	0.110753	8.8103	-7.9
active73_out_ligand_04	79.5764	0.110753	8.81333	-7.9
active73_out_ligand_05	79.7528	0.0935171	7.45825	-7.8
active73_out_ligand_06	79.5839	0.0789632	6.2842	-7.7
active73_out_ligand_07	94.1756	0.0666743	6.27909	-7.6
active73_out_ligand_08	76.0333	0.0666743	5.06947	-7.6
active73_out_ligand_09	93.3451	0.0666743	6.22372	-7.6
active73_out_ligand_10	79.0689	0.0666743	5.27186	-7.6
