active60_out_ligand_01	97.907	0.221302	21.667	-8.3
active60_out_ligand_02	97.7719	0.221302	21.6371	-8.3
active60_out_ligand_03	97.5534	0.157781	15.3921	-8.1
active60_out_ligand_04	96.972	0.133226	12.9192	-8.0
active60_out_ligand_05	97.3121	0.067721	6.59007	-7.6
active60_out_ligand_06	93.395	0.0482827	4.50936	-7.4
active60_out_ligand_07	78.4027	0.0407686	3.19637	-7.3
active60_out_ligand_08	96.1406	0.0407686	3.91952	-7.3
active60_out_ligand_09	78.6063	0.0344238	2.70593	-7.2
active60_out_ligand_10	79.0029	0.0344238	2.71958	-7.2
