active154_out_ligand_01	96.6562	0.321531	31.078	-8.6
active154_out_ligand_02	95.8207	0.138004	13.2236	-8.1
active154_out_ligand_03	96.4574	0.138004	13.3115	-8.1
active154_out_ligand_04	96.354	0.0701501	6.75924	-7.7
active154_out_ligand_05	95.4084	0.0701501	6.69291	-7.7
active154_out_ligand_06	95.2587	0.0592328	5.64244	-7.6
active154_out_ligand_07	82.6483	0.0592328	4.89549	-7.6
active154_out_ligand_08	79.5999	0.0592328	4.71492	-7.6
active154_out_ligand_09	75.7922	0.0422309	3.20077	-7.4
active154_out_ligand_10	78.5822	0.0422309	3.3186	-7.4
