active50_out_ligand_01	96.1368	0.209783	20.1679	-9.6
active50_out_ligand_02	79.1066	0.149568	11.8318	-9.4
active50_out_ligand_03	96.3092	0.149568	14.4048	-9.4
active50_out_ligand_04	78.9266	0.106637	8.4165	-9.2
active50_out_ligand_05	79.05	0.090041	7.11774	-9.1
active50_out_ligand_06	78.546	0.0760281	5.9717	-9.0
active50_out_ligand_07	94.0649	0.064196	6.03859	-8.9
active50_out_ligand_08	95.5797	0.0542053	5.18093	-8.8
active50_out_ligand_09	77.6724	0.0542053	4.21026	-8.8
active50_out_ligand_10	79.7236	0.0457695	3.64891	-8.7
