active229_out_ligand_01	96.3511	0.148128	14.2723	-8.0
active229_out_ligand_02	80.0214	0.10561	8.45106	-7.8
active229_out_ligand_03	96.0973	0.10561	10.1488	-7.8
active229_out_ligand_04	78.2597	0.10561	8.26501	-7.8
active229_out_ligand_05	78.1696	0.0891739	6.97069	-7.7
active229_out_ligand_06	79.511	0.0891739	7.09031	-7.7
active229_out_ligand_07	78.2757	0.0891739	6.98015	-7.7
active229_out_ligand_08	79.1857	0.0891739	7.0613	-7.7
active229_out_ligand_09	76.7973	0.0891739	6.84831	-7.7
active229_out_ligand_10	78.0156	0.0891739	6.95696	-7.7
