active183_out_ligand_01	97.5191	0.197527	19.2626	-7.2
active183_out_ligand_02	97.5917	0.197527	19.277	-7.2
active183_out_ligand_03	97.4189	0.14083	13.7195	-7.0
active183_out_ligand_04	96.693	0.0847806	8.19769	-6.7
active183_out_ligand_05	97.0722	0.0847806	8.22984	-6.7
active183_out_ligand_06	96.4428	0.0715864	6.90399	-6.6
active183_out_ligand_07	97.2548	0.0604456	5.87862	-6.5
active183_out_ligand_08	79.126	0.0604456	4.78282	-6.5
active183_out_ligand_09	96.2211	0.0510386	4.91099	-6.4
active183_out_ligand_10	95.7339	0.0510386	4.88612	-6.4
