active194_out_ligand_01	95.4553	0.246942	23.5719	-8.4
active194_out_ligand_02	77.6379	0.125525	9.7455	-8.0
active194_out_ligand_03	95.8707	0.10599	10.1613	-7.9
active194_out_ligand_04	95.2397	0.0894949	8.52347	-7.8
active194_out_ligand_05	95.5114	0.0894949	8.54779	-7.8
active194_out_ligand_06	95.6375	0.075567	7.22704	-7.7
active194_out_ligand_07	95.5314	0.075567	7.21902	-7.7
active194_out_ligand_08	80.4861	0.0638067	5.13555	-7.6
active194_out_ligand_09	78.4847	0.0638067	5.00785	-7.6
active194_out_ligand_10	95.061	0.0638067	6.06553	-7.6
