active294_out_ligand_01	88.6357	0.147997	13.1178	-6.9
active294_out_ligand_02	98.0794	0.147997	14.5155	-6.9
active294_out_ligand_03	97.8292	0.105516	10.3225	-6.7
active294_out_ligand_04	89.1133	0.105516	9.40288	-6.7
active294_out_ligand_05	77.0331	0.0890951	6.86327	-6.6
active294_out_ligand_06	80.5701	0.0890951	7.1784	-6.6
active294_out_ligand_07	96.8756	0.0890951	8.63114	-6.6
active294_out_ligand_08	97.0375	0.0752294	7.30007	-6.5
active294_out_ligand_09	80.588	0.0752294	6.06259	-6.5
active294_out_ligand_10	89.9813	0.0752294	6.76924	-6.5
