active30_out_ligand_01	93.7164	0.164002	15.3697	-8.8
active30_out_ligand_02	94.572	0.138479	13.0962	-8.7
active30_out_ligand_03	82.4335	0.116928	9.63878	-8.6
active30_out_ligand_04	95.6473	0.116928	11.1838	-8.6
active30_out_ligand_05	78.1546	0.0987306	7.71625	-8.5
active30_out_ligand_06	94.0386	0.0833654	7.83957	-8.4
active30_out_ligand_07	77.8713	0.0703914	5.48147	-8.3
active30_out_ligand_08	78.7315	0.0703914	5.54202	-8.3
active30_out_ligand_09	78.0028	0.0703914	5.49073	-8.3
active30_out_ligand_10	78.0008	0.0703914	5.49059	-8.3
