active205_out_ligand_01	96.991	0.195912	19.0017	-7.9
active205_out_ligand_02	97.2065	0.195912	19.0439	-7.9
active205_out_ligand_03	97.0624	0.0995855	9.66601	-7.5
active205_out_ligand_04	79.323	0.0840872	6.67005	-7.4
active205_out_ligand_05	95.9778	0.0840872	8.0705	-7.4
active205_out_ligand_06	78.9349	0.0840872	6.63741	-7.4
active205_out_ligand_07	96.0928	0.0840872	8.08017	-7.4
active205_out_ligand_08	96.0858	0.0710009	6.82217	-7.3
active205_out_ligand_09	79.1916	0.0506211	4.00877	-7.1
active205_out_ligand_10	79.1778	0.0506211	4.00807	-7.1
