active186_out_ligand_01	97.5837	0.213978	20.8808	-8.4
active186_out_ligand_02	97.6713	0.213978	20.8995	-8.4
active186_out_ligand_03	97.4643	0.152559	14.8691	-8.2
active186_out_ligand_04	97.1553	0.0918416	8.9229	-7.9
active186_out_ligand_05	96.6376	0.0654798	6.32781	-7.7
active186_out_ligand_06	79.2253	0.0654798	5.18766	-7.7
active186_out_ligand_07	96.2106	0.0552893	5.31942	-7.6
active186_out_ligand_08	78.8197	0.0552893	4.35789	-7.6
active186_out_ligand_09	96.0346	0.0466848	4.48335	-7.5
active186_out_ligand_10	79.7208	0.0394193	3.14254	-7.4
