active252_out_ligand_01	96.0623	0.23398	22.4767	-8.9
active252_out_ligand_02	95.3983	0.166819	15.9142	-8.7
active252_out_ligand_03	96.5018	0.0847974	8.1831	-8.3
active252_out_ligand_04	95.1532	0.0847974	8.06874	-8.3
active252_out_ligand_05	95.1199	0.0716006	6.81064	-8.2
active252_out_ligand_06	96.2695	0.0716006	6.89296	-8.2
active252_out_ligand_07	80.7172	0.0716006	5.7794	-8.2
active252_out_ligand_08	94.0782	0.0716006	6.73606	-8.2
active252_out_ligand_09	78.1157	0.0716006	5.59313	-8.2
active252_out_ligand_10	95.2796	0.0716006	6.82208	-8.2
