active86_out_ligand_01	97.5328	0.214945	20.9642	-7.8
active86_out_ligand_02	89.9561	0.153248	13.7856	-7.6
active86_out_ligand_03	88.7847	0.153248	13.6061	-7.6
active86_out_ligand_04	88.2947	0.0922563	8.14574	-7.3
active86_out_ligand_05	96.7653	0.0778987	7.53789	-7.2
active86_out_ligand_06	97.4618	0.0657755	6.4106	-7.1
active86_out_ligand_07	78.4507	0.0657755	5.16013	-7.1
active86_out_ligand_08	96.0881	0.0657755	6.32024	-7.1
active86_out_ligand_09	97.0639	0.055539	5.39083	-7.0
active86_out_ligand_10	79.935	0.055539	4.43951	-7.0
