active234_out_ligand_01	78.4715	0.213032	16.7169	-9.0
active234_out_ligand_02	79.5965	0.151885	12.0895	-8.8
active234_out_ligand_03	79.1283	0.108288	8.56865	-8.6
active234_out_ligand_04	79.0812	0.0914356	7.23084	-8.5
active234_out_ligand_05	78.0126	0.0914356	7.13313	-8.5
active234_out_ligand_06	78.5801	0.0914356	7.18502	-8.5
active234_out_ligand_07	79.2631	0.0772057	6.11956	-8.4
active234_out_ligand_08	78.514	0.0651903	5.11835	-8.3
active234_out_ligand_09	84.8345	0.0550449	4.66971	-8.2
active234_out_ligand_10	78.0342	0.0550449	4.29538	-8.2
