active12_out_ligand_01	97.7508	0.387215	37.8506	-8.1
active12_out_ligand_02	95.5341	0.0844808	8.0708	-7.2
active12_out_ligand_03	96.2861	0.0844808	8.13432	-7.2
active12_out_ligand_04	96.2429	0.0713332	6.86531	-7.1
active12_out_ligand_05	79.8289	0.0713332	5.69445	-7.1
active12_out_ligand_06	78.9923	0.0602318	4.75785	-7.0
active12_out_ligand_07	96.452	0.0602318	5.80948	-7.0
active12_out_ligand_08	94.351	0.0602318	5.68293	-7.0
active12_out_ligand_09	79.3854	0.0602318	4.78153	-7.0
active12_out_ligand_10	96.7354	0.0602318	5.82655	-7.0
