active196_out_ligand_01	94.8642	0.202879	19.246	-8.9
active196_out_ligand_02	94.8256	0.144646	13.7162	-8.7
active196_out_ligand_03	94.8173	0.122135	11.5805	-8.6
active196_out_ligand_04	96.6089	0.0870777	8.41249	-8.4
active196_out_ligand_05	96.8713	0.0870777	8.43533	-8.4
active196_out_ligand_06	78.5449	0.073526	5.77509	-8.3
active196_out_ligand_07	78.7889	0.073526	5.79303	-8.3
active196_out_ligand_08	96.2497	0.073526	7.07685	-8.3
active196_out_ligand_09	96.5313	0.073526	7.09756	-8.3
active196_out_ligand_10	76.644	0.0620833	4.75831	-8.2
