active76_out_ligand_01	96.7943	0.14815	14.3401	-7.2
active76_out_ligand_02	96.6795	0.125093	12.0939	-7.1
active76_out_ligand_03	96.5695	0.125093	12.0802	-7.1
active76_out_ligand_04	95.2579	0.105625	10.0616	-7.0
active76_out_ligand_05	78.8756	0.105625	8.33124	-7.0
active76_out_ligand_06	80.8636	0.0891871	7.21199	-6.9
active76_out_ligand_07	79.2279	0.0753071	5.96642	-6.8
active76_out_ligand_08	77.5264	0.0753071	5.83829	-6.8
active76_out_ligand_09	77.3295	0.0753071	5.82346	-6.8
active76_out_ligand_10	78.8071	0.0753071	5.93473	-6.8
