active248_out_ligand_01	77.2088	0.169484	13.0857	-8.1
active248_out_ligand_02	89.4856	0.169484	15.1664	-8.1
active248_out_ligand_03	84.7206	0.120836	10.2373	-7.9
active248_out_ligand_04	79.1724	0.0861517	6.82084	-7.7
active248_out_ligand_05	88.5917	0.0861517	7.63233	-7.7
active248_out_ligand_06	79.8731	0.0861517	6.8812	-7.7
active248_out_ligand_07	90.3691	0.0861517	7.78545	-7.7
active248_out_ligand_08	97.2194	0.0727441	7.07213	-7.6
active248_out_ligand_09	76.8879	0.0614231	4.72269	-7.5
active248_out_ligand_10	80.1398	0.0614231	4.92243	-7.5
