active27_out_ligand_01	94.7876	0.169976	16.1116	-7.9
active27_out_ligand_02	94.7156	0.169976	16.0994	-7.9
active27_out_ligand_03	94.732	0.169976	16.1022	-7.9
active27_out_ligand_04	95.6557	0.0864018	8.26483	-7.5
active27_out_ligand_05	95.7894	0.0729553	6.98835	-7.4
active27_out_ligand_06	94.8198	0.0729553	6.91761	-7.4
active27_out_ligand_07	94.2628	0.0729553	6.87697	-7.4
active27_out_ligand_08	78.9364	0.0616014	4.86259	-7.3
active27_out_ligand_09	94.7365	0.0616014	5.8359	-7.3
active27_out_ligand_10	79.6635	0.0616014	4.90738	-7.3
