active208_out_ligand_01	88.6485	0.178494	15.8232	-8.9
active208_out_ligand_02	79.6327	0.150715	12.0018	-8.8
active208_out_ligand_03	96.464	0.150715	14.5386	-8.8
active208_out_ligand_04	89.6943	0.107455	9.6381	-8.6
active208_out_ligand_05	97.4975	0.107455	10.4766	-8.6
active208_out_ligand_06	75.3928	0.0766114	5.77595	-8.4
active208_out_ligand_07	95.8697	0.0646886	6.20168	-8.3
active208_out_ligand_08	76.8525	0.0546212	4.19778	-8.2
active208_out_ligand_09	79.4538	0.0546212	4.33986	-8.2
active208_out_ligand_10	75.9294	0.0546212	4.14735	-8.2
