-e Sno,Name,Score,Distance,Boltzman,Energy,Categ
1,active1,8.62285,85.2332,0.0999999,-7.41,1
2,active10,8.01628,80.6097,0.1,-8.11,0
3,active100,9.38951,90.0604,0.0999999,-7.34,6
4,active101,8.43552,83.9443,0.1,-6.7,0
5,active103,8.38583,83.3084,0.1,-8.03,1
6,active105,9.3446,91.7376,0.1,-7.34,7
7,active106,9.52965,94.0974,0.0999999,-7.66,8
8,active107,9.50331,94.1118,0.1,-7.41,8
9,active108,9.1483,89.9755,0.1,-7.59,5
10,active109,8.70972,87.7539,0.0999999,-7.21,3
11,active11,8.58216,85.2005,0.1,-4.77,3
12,active111,8.66839,84.789,0.0999999,-7.52,1
13,active113,8.90425,87.8323,0.0999998,-6.15,3
14,active114,8.46398,84.5778,0.1,-7.24,2
15,active115,8.91575,87.6085,0.0999999,-7.12,4
16,active119,8.75698,86.9985,0.0999999,-8.06,2
17,active12,9.34738,91.1559,0.1,-7.17,6
18,active120,9.4161,92.5513,0.0999998,-7.82,8
19,active121,8.82661,88.0139,0.0999999,-7.9,5
20,active122,8.64533,83.9196,0.1,-7.96,3
21,active124,8.32959,83.7536,0.1,-7.69,2
22,active126,8.57266,83.6453,0.0999999,-8.06,2
23,active128,8.80333,84.5702,0.1,-8.14,3
24,active13,8.78627,83.0586,0.0999999,-7.75,2
25,active130,9.44951,93.5028,0.1,-7.94,8
26,active133,9.56031,94.8235,0.1,-7.82,9
27,active134,8.77951,86.2682,0.1,-7.7,3
28,active136,8.61804,89.4451,0.1,-7.7,5
29,active138,8.52552,85.0775,0.0999999,-7.49,0
30,active140,9.29754,90.5408,0.0999999,-7.58,4
31,active141,8.76214,88.6562,0.0999999,-7.91,6
32,active149,9.3145,91.4022,0.1,-7.75,7
33,active15,9.47921,89.9071,0.1,-7.73,6
34,active150,9.14228,89.2557,0.0999999,-7.14,6
35,active151,9.20363,90.4679,0.1,-8.4,4
36,active152,9.38304,90.4487,0.1,-7.47,6
37,active154,9.28375,89.2578,0.0999999,-7.78,6
38,active155,9.07555,87.833,0.1,-7.69,4
39,active156,9.19168,90.8968,0.1,-7.78,6
40,active157,9.10472,89.0745,0.1,-7.74,5
41,active158,8.96174,89.4345,0.0999998,-7.38,6
42,active162,8.18506,82.4571,0.1,-7.07,1
43,active17,9.02385,89.295,0.0999999,-7.15,5
44,active171,9.29907,92.9839,0.0999998,-7.36,8
45,active172,9.12993,90.48,0.1,-7.99,4
46,active173,8.15206,81.8756,0.1,-7.37,2
47,active174,8.32132,81.7465,0.1,-8.41,2
48,active176,8.62007,86.043,0.1,-8.6,2
49,active180,9.20932,90.1434,0.1,-7.61,4
50,active181,8.1177,80.4906,0.1,-8.07,1
51,active182,8.93003,88.5574,0.1,-7.64,5
52,active183,9.60492,95.1073,0.1,-6.72,9
53,active184,9.06725,87.7231,0.1,-7.96,5
54,active186,9.4391,91.6523,0.0999999,-7.84,7
55,active188,9.25385,90.2532,0.1,-7.64,3
56,active189,9.29491,92.002,0.1,-7.47,5
57,active190,8.84699,87.1612,0.0999999,-7.7,3
58,active191,9.04066,89.0624,0.0999999,-7.47,4
59,active192,9.141,87.5834,0.1,-8.26,5
60,active194,9.1205,90.4916,0.1,-7.81,7
61,active195,8.73534,83.4535,0.0999999,-7.82,3
62,active196,9.18914,90.4746,0.1,-8.44,4
63,active197,8.20443,80.184,0.1,-8.55,0
64,active201,9.1812,90.8875,0.1,-8.07,6
65,active203,8.67936,86.8575,0.0999996,-8.24,3
66,active205,9.20087,89.6044,0.1,-7.44,6
67,active207,9.19694,90.666,0.1,-7.42,5
68,active208,8.71409,85.5435,0.0999998,-8.5,3
69,active21,8.29368,82.6971,0.1,-8.13,2
70,active212,8.39841,85.1709,0.1,-7.78,3
71,active214,9.04345,88.9169,0.1,-8.25,3
72,active216,8.95561,90.5738,0.1,-7.24,6
73,active217,9.32992,93.2635,0.1,-7.89,6
74,active219,8.66785,86.4731,0.1,-8.33,4
75,active220,8.29647,82.7558,0.1,-8.04,1
76,active222,8.83449,87.9452,0.0999998,-7.11,4
77,active224,8.5702,84.6242,0.0999999,-7.37,1
78,active226,9.01636,90.3357,0.1,-8.08,5
79,active228,8.26504,82.899,0.0999996,-6.97,2
80,active229,8.30449,82.0684,0.1,-7.76,2
81,active23,7.91524,79.3731,0.1,-7.7,0
82,active230,8.77555,84.2144,0.1,-6.93,3
83,active234,7.9127,79.3516,0.0999998,-8.5,0
84,active236,9.18983,90.6667,0.0999997,-7.04,5
85,active238,8.60078,82.6125,0.0999998,-8.79,2
86,active240,8.5114,84.9577,0.1,-8.43,2
87,active244,8.31484,82.8459,0.0999999,-7.49,2
88,active248,8.43265,84.3668,0.1,-7.75,1
89,active250,9.23743,87.646,0.1,-7.78,5
90,active251,8.77805,87.3008,0.1,-7.83,4
91,active252,9.3277,92.2696,0.0999997,-8.34,7
92,active253,8.9845,88.0875,0.0999998,-6.85,4
93,active254,8.73031,88.3111,0.1,-7.16,4
94,active256,9.04258,88.3834,0.0999999,-8.22,3
95,active257,9.35439,91.0343,0.1,-7.76,6
96,active258,9.26397,90.7439,0.0999996,-8.16,5
97,active259,8.78536,88.5436,0.1,-8.03,4
98,active261,8.30779,82.9719,0.1,-7.89,0
99,active263,8.88573,88.0775,0.0999999,-7.58,5
100,active267,8.04565,80.9187,0.1,-8.06,1
101,active269,9.12045,90.0075,0.1,-7.41,6
102,active27,9.29668,91.8099,0.1,-7.53,2
103,active270,8.92272,86.9397,0.1,-7.66,5
104,active271,9.341,91.802,0.1,-7.37,7
105,active272,9.56707,95.0838,0.1,-7.61,9
106,active276,8.24541,82.4949,0.1,-7.76,1
107,active278,8.93616,86.2302,0.1,-7.26,3
108,active279,9.38103,94.3241,0.1,-7.67,8
109,active281,9.20701,90.1946,0.0999999,-7.82,3
110,active282,9.34163,90.9704,0.1,-7.79,7
111,active284,9.0703,89.6584,0.0999999,-7.17,6
112,active285,9.38247,90.2614,0.1,-7.39,5
113,active287,8.86938,85.9023,0.1,-7.92,4
114,active288,7.91377,79.1196,0.1,-8.17,0
115,active29,8.14963,81.3441,0.0999999,-7.88,1
116,active290,9.19501,87.8936,0.1,-7.47,5
117,active291,9.55694,93.0878,0.1,-7.34,7
118,active292,9.20323,90.086,0.1,-7.32,6
119,active294,9.01634,89.5743,0.0999999,-6.65,4
120,active296,9.6898,96.7546,0.1,-7.31,10
121,active3,8.90764,88.1158,0.1,-7.61,5
122,active30,8.68491,85.1169,0.0999999,-8.48,1
123,active31,9.04654,84.1174,0.0999999,-7.46,3
124,active32,8.65146,83.9692,0.0999999,-8.81,2
125,active34,8.40108,83.727,0.1,-7.81,1
126,active36,8.08214,80.967,0.1,-7.93,1
127,active38,9.35911,88.1375,0.0999998,-7.11,5
128,active4,9.06467,88.5509,0.0999999,-7.01,5
129,active40,9.04867,85.6647,0.1,-8.81,3
130,active41,9.01297,86.1207,0.0999999,-7.17,4
131,active42,9.28014,88.8384,0.0999999,-8.88,4
132,active43,8.91151,88.9787,0.1,-7.79,3
133,active45,9.00233,87.4991,0.1,-7.33,4
134,active46,9.201,89.8628,0.1,-7.62,3
135,active47,9.28167,90.3404,0.1,-7.82,5
136,active48,8.18454,83.8629,0.1,-8.04,2
137,active5,8.73301,87.6083,0.1,-6.89,3
138,active50,8.69891,85.5116,0.1,-9.09,3
139,active52,9.59823,93.2497,0.1,-7.88,7
140,active54,9.18721,90.3609,0.1,-7.71,5
141,active55,9.46826,94.1691,0.1,-7.91,8
142,active56,8.19312,81.9811,0.1,-8.16,1
143,active58,8.79924,85.0225,0.1,-7.87,4
144,active59,8.99675,88.0289,0.1,-8.82,3
145,active6,9.32174,89.7594,0.1,-7.77,6
146,active60,9.52562,91.3064,0.1,-7.67,6
147,active61,8.69694,87.5375,0.0999997,-7.28,4
148,active63,8.39903,85.2563,0.1,-7.7,3
149,active65,8.34869,83.5761,0.0999999,-7.7,2
150,active67,9.35068,89.6403,0.1,-7.74,6
151,active69,8.05357,80.7422,0.1,-7.97,1
152,active71,9.25768,91.3091,0.0999999,-7.27,5
153,active73,8.65071,85.1308,0.0999998,-7.8,1
154,active74,9.33633,88.5473,0.0999998,-8.1,5
155,active75,9.32395,91.1036,0.0999996,-8.3,6
156,active76,8.76819,85.7931,0.1,-6.95,4
157,active78,9.35734,92.9348,0.0999999,-7.62,3
158,active79,8.74636,86.5108,0.0999999,-7.54,3
159,active8,9.06324,89.8479,0.1,-7.96,1
160,active83,9.45942,93.8371,0.1,-7.64,8
161,active85,8.51435,82.0946,0.1,-7.85,2
162,active86,9.17608,91.0333,0.1,-7.28,5
163,active88,8.80998,85.8675,0.0999999,-8.04,4
164,active89,9.18193,87.808,0.1,-7.88,5
165,active91,9.19658,90.9314,0.0999999,-7.12,5
166,active92,9.20388,90.8141,0.0999999,-7.27,4
167,active94,9.30639,92.0317,0.0999999,-7.12,7
168,active98,8.41377,82.3786,0.1,-7.89,2
169,active99,9.03935,88.3461,0.1,-7.71,6
170,Aspirin,8.83934,85.7931,0.0999998,-5.7,1
171,Atorvastatin,9.16124,90.4961,0.1,-7.97,5
172,Cerivastatin,9.21091,88.9439,0.1,-7.13,5
173,CRILVASTATIN,8.35911,86.119,0.0999998,-6.52,3
174,Fluvastatin,9.46673,92.1958,0.0999999,-7.62,6
175,LAROPIPRANT,9.36827,92.9831,0.0999999,-7.25,7
176,Lovastatin,8.80663,87.421,0.1,-7.55,3
177,PITAVASTATINCALCIUM,9.33589,89.7081,0.1,-7.54,6
178,Pravastatin,9.35992,92.9402,0.0999999,-6.94,6
179,Rosuvastatin,9.37112,90.7211,0.1,-7.29,4
180,Simvastatin,8.68688,86.483,0.1,-7.38,2
181,Teriflunomide,7.78097,79.2889,0.1,-6.98,0
182,TOCOTRIENOL,8.47968,89.0711,0.1,-7.79,5
