active155_out_ligand_01	96.6248	0.250063	24.1623	-8.3
active155_out_ligand_02	96.5675	0.15054	14.5373	-8.0
active155_out_ligand_03	95.2634	0.10733	10.2246	-7.8
active155_out_ligand_04	93.2909	0.0906261	8.45459	-7.7
active155_out_ligand_05	95.9711	0.0765221	7.34391	-7.6
active155_out_ligand_06	78.7292	0.0765221	6.02452	-7.6
active155_out_ligand_07	76.6387	0.0646132	4.95187	-7.5
active155_out_ligand_08	84.5795	0.0646132	5.46495	-7.5
active155_out_ligand_09	82.1357	0.0646132	5.30705	-7.5
active155_out_ligand_10	78.5296	0.0545576	4.28439	-7.4
