active220_out_ligand_01	84.619	0.271595	22.9821	-8.7
active220_out_ligand_02	77.1702	0.116571	8.99581	-8.2
active220_out_ligand_03	90.1202	0.116571	10.5054	-8.2
active220_out_ligand_04	79.9789	0.0831111	6.64713	-8.0
active220_out_ligand_05	76.8577	0.0831111	6.38773	-8.0
active220_out_ligand_06	80.0391	0.0701767	5.61688	-7.9
active220_out_ligand_07	79.8089	0.0701767	5.60073	-7.9
active220_out_ligand_08	80.9389	0.0701767	5.68002	-7.9
active220_out_ligand_09	97.1487	0.0592552	5.75656	-7.8
active220_out_ligand_10	80.8768	0.0592552	4.79237	-7.8
