active272_out_ligand_01	96.6501	0.18174	17.5652	-8.0
active272_out_ligand_02	96.7638	0.153456	14.849	-7.9
active272_out_ligand_03	96.9024	0.109409	10.602	-7.7
active272_out_ligand_04	97.2145	0.109409	10.6361	-7.7
active272_out_ligand_05	96.5524	0.0923818	8.91968	-7.6
active272_out_ligand_06	97.3466	0.0780046	7.59349	-7.5
active272_out_ligand_07	96.7216	0.0780046	7.54473	-7.5
active272_out_ligand_08	95.9703	0.065865	6.32108	-7.4
active272_out_ligand_09	79.4603	0.065865	5.23365	-7.4
active272_out_ligand_10	97.2561	0.065865	6.40577	-7.4
