active29_out_ligand_01	78.7926	0.140642	11.0815	-8.1
active29_out_ligand_02	79.4732	0.140642	11.1773	-8.1
active29_out_ligand_03	96.4268	0.118755	11.4512	-8.0
active29_out_ligand_04	79.3518	0.100273	7.95684	-7.9
active29_out_ligand_05	79.4252	0.100273	7.9642	-7.9
active29_out_ligand_06	76.9858	0.100273	7.7196	-7.9
active29_out_ligand_07	80.0695	0.0846678	6.77931	-7.8
active29_out_ligand_08	78.9405	0.0714911	5.64354	-7.7
active29_out_ligand_09	78.3726	0.0714911	5.60294	-7.7
active29_out_ligand_10	85.6031	0.0714911	6.11986	-7.7
