active285_out_ligand_01	97.7865	0.414473	40.5298	-8.4
active285_out_ligand_02	97.6956	0.126833	12.391	-7.7
active285_out_ligand_03	97.0473	0.0644717	6.25681	-7.3
active285_out_ligand_04	95.0799	0.0644717	6.12996	-7.3
active285_out_ligand_05	85.0772	0.0644717	5.48507	-7.3
active285_out_ligand_06	96.6766	0.0644717	6.2329	-7.3
active285_out_ligand_07	85.956	0.0544381	4.67928	-7.2
active285_out_ligand_08	88.8429	0.0544381	4.83644	-7.2
active285_out_ligand_09	78.0196	0.045966	3.58625	-7.1
active285_out_ligand_10	80.4329	0.045966	3.69718	-7.1
