active181_out_ligand_01	95.6439	0.144574	13.8276	-8.3
active181_out_ligand_02	77.5667	0.122074	9.46888	-8.2
active181_out_ligand_03	78.6565	0.103076	8.1076	-8.1
active181_out_ligand_04	79.7518	0.103076	8.2205	-8.1
active181_out_ligand_05	77.158	0.103076	7.95314	-8.1
active181_out_ligand_06	78.8574	0.103076	8.12831	-8.1
active181_out_ligand_07	79.9194	0.0870346	6.95575	-8.0
active181_out_ligand_08	79.1677	0.0870346	6.89033	-8.0
active181_out_ligand_09	80.7157	0.0734896	5.93176	-7.9
active181_out_ligand_10	77.4691	0.0734896	5.69317	-7.9
