active83_out_ligand_01	96.4044	0.1731	16.6876	-8.0
active83_out_ligand_02	96.4274	0.1731	16.6916	-8.0
active83_out_ligand_03	94.1108	0.104208	9.8071	-7.7
active83_out_ligand_04	95.2145	0.0879899	8.37791	-7.6
active83_out_ligand_05	95.6383	0.0879899	8.4152	-7.6
active83_out_ligand_06	95.1598	0.0879899	8.3731	-7.6
active83_out_ligand_07	96.2504	0.0742962	7.15104	-7.5
active83_out_ligand_08	95.5422	0.0742962	7.09842	-7.5
active83_out_ligand_09	95.1579	0.0742962	7.06987	-7.5
active83_out_ligand_10	78.465	0.0627337	4.9224	-7.4
