active101_out_ligand_01	89.2603	0.137031	12.2314	-6.9
active101_out_ligand_02	90.5538	0.137031	12.4087	-6.9
active101_out_ligand_03	76.8031	0.115705	8.8865	-6.8
active101_out_ligand_04	85.3941	0.0976985	8.34288	-6.7
active101_out_ligand_05	81.1689	0.0976985	7.93008	-6.7
active101_out_ligand_06	89.2575	0.0976985	8.72032	-6.7
active101_out_ligand_07	80.0542	0.0824939	6.60398	-6.6
active101_out_ligand_08	79.3596	0.0824939	6.54668	-6.6
active101_out_ligand_09	78.7424	0.0824939	6.49577	-6.6
active101_out_ligand_10	88.8494	0.0696555	6.18885	-6.5
