active136_out_ligand_01	77.4894	0.244274	18.9286	-8.3
active136_out_ligand_02	77.1432	0.174159	13.4352	-8.1
active136_out_ligand_03	89.4448	0.104845	9.37784	-7.8
active136_out_ligand_04	97.2428	0.0747507	7.26896	-7.6
active136_out_ligand_05	96.7573	0.0747507	7.23268	-7.6
active136_out_ligand_06	97.3118	0.0747507	7.27412	-7.6
active136_out_ligand_07	84.7332	0.0631174	5.34814	-7.5
active136_out_ligand_08	80.1815	0.0631174	5.06085	-7.5
active136_out_ligand_09	97.0754	0.0631174	6.12714	-7.5
active136_out_ligand_10	97.0713	0.0631174	6.12689	-7.5
