active94_out_ligand_01	97.9619	0.180907	17.722	-7.5
active94_out_ligand_02	97.8645	0.152753	14.9491	-7.4
active94_out_ligand_03	97.2172	0.0919585	8.93995	-7.1
active94_out_ligand_04	78.0668	0.0919585	7.17891	-7.1
active94_out_ligand_05	97.662	0.0919585	8.98086	-7.1
active94_out_ligand_06	97.4808	0.0919585	8.96418	-7.1
active94_out_ligand_07	96.2889	0.0776472	7.47656	-7.0
active94_out_ligand_08	77.2748	0.0776472	6.00017	-7.0
active94_out_ligand_09	84.246	0.0776472	6.54147	-7.0
active94_out_ligand_10	96.2538	0.0655632	6.31071	-6.9
