active180_out_ligand_01	95.5204	0.352269	33.6489	-8.5
active180_out_ligand_02	95.4707	0.179065	17.0955	-8.1
active180_out_ligand_03	79.1881	0.0648954	5.13894	-7.5
active180_out_ligand_04	80.7692	0.0648954	5.24155	-7.5
active180_out_ligand_05	79.5981	0.0648954	5.16555	-7.5
active180_out_ligand_06	95.8812	0.0547959	5.2539	-7.4
active180_out_ligand_07	92.8654	0.0547959	5.08864	-7.4
active180_out_ligand_08	95.4624	0.0547959	5.23095	-7.4
active180_out_ligand_09	93.3054	0.0547959	5.11275	-7.4
active180_out_ligand_10	93.3734	0.0547959	5.11648	-7.4
