active78_out_ligand_01	94.5379	0.128726	12.1695	-7.8
active78_out_ligand_02	95.4827	0.128726	12.2911	-7.8
active78_out_ligand_03	94.2166	0.128726	12.1281	-7.8
active78_out_ligand_04	95.4526	0.128726	12.2872	-7.8
active78_out_ligand_05	95.2823	0.108692	10.3564	-7.7
active78_out_ligand_06	94.0171	0.108692	10.2189	-7.7
active78_out_ligand_07	93.7356	0.0917769	8.60277	-7.6
active78_out_ligand_08	77.424	0.0654337	5.06614	-7.4
active78_out_ligand_09	94.7093	0.0552504	5.23273	-7.3
active78_out_ligand_10	94.4899	0.0552504	5.2206	-7.3
