active99_out_ligand_01	96.2475	0.326378	31.4131	-8.5
active99_out_ligand_02	96.1383	0.0998754	9.60185	-7.8
active99_out_ligand_03	96.3073	0.0843321	8.1218	-7.7
active99_out_ligand_04	78.3062	0.0843321	6.60373	-7.7
active99_out_ligand_05	76.2473	0.0712076	5.42939	-7.6
active99_out_ligand_06	76.1897	0.0712076	5.42529	-7.6
active99_out_ligand_07	76.7654	0.0712076	5.46628	-7.6
active99_out_ligand_08	95.6856	0.0712076	6.81354	-7.6
active99_out_ligand_09	96.3059	0.0601258	5.79047	-7.5
active99_out_ligand_10	95.2679	0.0601258	5.72806	-7.5
