active291_out_ligand_01	97.8956	0.244939	23.9784	-8.0
active291_out_ligand_02	97.563	0.174633	17.0377	-7.8
active291_out_ligand_03	96.9067	0.147455	14.2894	-7.7
active291_out_ligand_04	97.2046	0.10513	10.2191	-7.5
active291_out_ligand_05	97.2336	0.10513	10.2222	-7.5
active291_out_ligand_06	93.2771	0.0632891	5.90342	-7.2
active291_out_ligand_07	78.8296	0.0451229	3.55702	-7.0
active291_out_ligand_08	95.969	0.0381005	3.65647	-6.9
active291_out_ligand_09	96.7671	0.0381005	3.68688	-6.9
active291_out_ligand_10	79.2319	0.0381005	3.01878	-6.9
