active5_out_ligand_01	88.7771	0.138752	12.318	-7.1
active5_out_ligand_02	77.1717	0.138752	10.7077	-7.1
active5_out_ligand_03	88.6686	0.117159	10.3883	-7.0
active5_out_ligand_04	97.3588	0.117159	11.4065	-7.0
active5_out_ligand_05	77.2519	0.08353	6.45285	-6.8
active5_out_ligand_06	98.0206	0.08353	8.18766	-6.8
active5_out_ligand_07	84.7517	0.08353	7.07931	-6.8
active5_out_ligand_08	77.2769	0.08353	6.45494	-6.8
active5_out_ligand_09	89.1886	0.08353	7.44992	-6.8
active5_out_ligand_10	97.6168	0.0705304	6.88496	-6.7
