active10_out_ligand_01	79.9011	0.157496	12.5841	-8.4
active10_out_ligand_02	78.4079	0.132985	10.4271	-8.3
active10_out_ligand_03	82.0978	0.112289	9.21868	-8.2
active10_out_ligand_04	75.1388	0.112289	8.43726	-8.2
active10_out_ligand_05	79.2743	0.0948137	7.51629	-8.1
active10_out_ligand_06	80.4936	0.0948137	7.6319	-8.1
active10_out_ligand_07	79.6103	0.0800581	6.37345	-8.0
active10_out_ligand_08	79.8635	0.0800581	6.39372	-8.0
active10_out_ligand_09	76.7655	0.0675988	5.18926	-7.9
active10_out_ligand_10	94.5437	0.0675988	6.39104	-7.9
