active189_out_ligand_01	96.1039	0.226794	21.7958	-8.0
active189_out_ligand_02	94.818	0.136531	12.9456	-7.7
active189_out_ligand_03	96.2176	0.0973421	9.36603	-7.5
active189_out_ligand_04	96.1693	0.0973421	9.36132	-7.5
active189_out_ligand_05	95.9903	0.0821929	7.88972	-7.4
active189_out_ligand_06	78.4891	0.0821929	6.45125	-7.4
active189_out_ligand_07	77.9624	0.0694014	5.4107	-7.3
active189_out_ligand_08	94.0291	0.0694014	6.52575	-7.3
active189_out_ligand_09	95.716	0.0694014	6.64283	-7.3
active189_out_ligand_10	94.524	0.0694014	6.5601	-7.3
