active92_out_ligand_01	97.4047	0.265754	25.8857	-7.9
active92_out_ligand_02	89.6414	0.0963126	8.6336	-7.3
active92_out_ligand_03	96.8177	0.0813236	7.87357	-7.2
active92_out_ligand_04	88.8891	0.0813236	7.22878	-7.2
active92_out_ligand_05	97.1696	0.0813236	7.90218	-7.2
active92_out_ligand_06	76.2994	0.0813236	6.20494	-7.2
active92_out_ligand_07	96.5662	0.0813236	7.85311	-7.2
active92_out_ligand_08	88.687	0.0813236	7.21235	-7.2
active92_out_ligand_09	87.9734	0.0813236	7.15431	-7.2
active92_out_ligand_10	88.6929	0.0686674	6.09031	-7.1
