active258_out_ligand_01	95.4763	0.188545	18.0016	-8.6
active258_out_ligand_02	95.4522	0.188545	17.997	-8.6
active258_out_ligand_03	94.4456	0.134426	12.6959	-8.4
active258_out_ligand_04	94.3684	0.095841	9.04436	-8.2
active258_out_ligand_05	96.2174	0.0809255	7.78644	-8.1
active258_out_ligand_06	95.5443	0.0809255	7.73197	-8.1
active258_out_ligand_07	79.7974	0.057697	4.60407	-7.9
active258_out_ligand_08	81.4681	0.057697	4.70046	-7.9
active258_out_ligand_09	79.0773	0.057697	4.56252	-7.9
active258_out_ligand_10	95.5916	0.057697	5.51535	-7.9
