active214_out_ligand_01	96.6202	0.174159	16.8273	-8.6
active214_out_ligand_02	96.5852	0.124169	11.9929	-8.4
active214_out_ligand_03	96.6952	0.104845	10.138	-8.3
active214_out_ligand_04	94.3939	0.104845	9.89673	-8.3
active214_out_ligand_05	78.4542	0.0885283	6.94542	-8.2
active214_out_ligand_06	78.6198	0.0885283	6.96008	-8.2
active214_out_ligand_07	94.1982	0.0885283	8.3392	-8.2
active214_out_ligand_08	94.5134	0.0885283	8.36711	-8.2
active214_out_ligand_09	79.6346	0.0747509	5.95276	-8.1
active214_out_ligand_10	79.4545	0.0631175	5.01497	-8.0
