active85_out_ligand_01	95.4904	0.309746	29.5778	-8.6
active85_out_ligand_02	80.3131	0.112256	9.01563	-8.0
active85_out_ligand_03	78.9137	0.0800345	6.31582	-7.8
active85_out_ligand_04	79.0981	0.0800345	6.33058	-7.8
active85_out_ligand_05	78.9887	0.0800345	6.32182	-7.8
active85_out_ligand_06	77.3923	0.0675789	5.23009	-7.7
active85_out_ligand_07	77.2894	0.0675789	5.22313	-7.7
active85_out_ligand_08	79.3616	0.0675789	5.36317	-7.7
active85_out_ligand_09	78.4817	0.0675789	5.30371	-7.7
active85_out_ligand_10	95.6171	0.0675789	6.4617	-7.7
